Utterance ID,0,1,2,3,4,5,6,7,8,9,10,11,12,13,14,15,16,17,18,19,20,21,22,23,24,25,26,27,28,29,30,31,32,33,34,35,36,37,38,39,40,41,42,43,44,45,46,47,48,49,50,51,52,53,54,55,56,57,58,59,60,61,62,63,64,65,66,67,68,69,70,71,72,73,74,75,76,77,78,79,80,81,82,83,84,85,86,87,88,89,90,91,92,93,94,95,96,97,98,99,100,101,102,103,104,105,106,107,108,109,110,111,112,113,114,115,116,117,118,119,120,121,122,123,124,125,126,127,128,129,130,131,132,133,134,135,136,137,138,139,140,141,142,143,144,145,146,147,148,149,150,151,152,153,154,155,156,157,158,159,160,161,162,163,164,165,166,167,168,169,170,171,172,173,174,175,176,177,178,179,180,181,182,183,184,185,186,187,188,189,190,191,192,193,194,195,196,197,198,199,200,201,202,203,204,205,206,207,208,209,210,211,212,213,214,215,216,217,218,219,220,221,222,223,224,225,226,227,228,229,230,231,232,233,234,235,236,237,238,239,240,241,242,243,244,245,246,247,248,249,250,251,252,253,254,255,256,257,258,259,260,261,262,263,264,265,266,267,268,269,270,271,272,273,274,275,276,277,278,279,280,281,282,283,284,285,286,287,288,289,290,291,292,293,294,295,296,297,298,299,300,301,302,303,304,305,306,307,308,309,310,311,312,313,314,315,316,317,318,319,320,321,322,323,324,325,326,327,328,329,330,331,332,333,334,335,336,337,338,339,340,341,342,343,344,345,346,347,348,349,350,351,352,353,354,355,356,357,358,359,360,361,362,363,364,365,366,367,368,369,370,371,372,373,374,375,376,377,378,379,380,381,382,383,384,385,386,387,388,389,390,391,392,393,394,395,396,397,398,399,400,401,402,403,404,405,406,407,408,409,410,411,412,413,414,415,416,417,418,419,420,421,422,423,424,425,426,427,428,429,430,431,432,433,434,435,436,437,438,439,440,441,442,443,444,445,446,447,448,449,450,451,452,453,454,455,456,457,458,459,460,461,462,463,464,465,466,467,468,469,470,471,472,473,474,475,476,477,478,479,480,481,482,483,484,485,486,487,488,489,490,491,492,493,494,495,496,497,498,499,500,501,502,503,504,505,506,507,508,509,510,511,512,513,514,515,516,517,518,519,520,521,522,523,524,525,526,527,528,529,530,531,532,533,534,535,536,537,538,539,540,541,542,543,544,545,546,547,548,549,550,551,552,553,554,555,556,557,558,559,560,561,562,563,564,565,566,567,568,569,570,571,572,573,574,575,576,577,578,579,580,581,582,583,584,585,586,587,588,589,590,591,592,593,594,595,596,597,598,599,600,601,602,603,604,605,606,607,608,609,610,611,612,613,614,615,616,617,618,619,620,621,622,623,624,625,626,627,628,629,630,631,632,633,634,635,636,637,638,639,640,641,642,643,644,645,646,647,648,649,650,651,652,653,654,655,656,657,658,659,660,661,662,663,664,665,666,667,668,669,670,671,672,673,674,675,676,677,678,679,680,681,682,683,684,685,686,687,688,689,690,691,692,693,694,695,696,697,698,699,700,701,702,703,704,705,706,707,708,709,710,711,712,713,714,715,716,717,718,719,720,721,722,723,724,725,726,727,728,729,730,731,732,733,734,735,736,737,738,739,740,741,742,743,744,745,746,747,748,749,750,751,752,753,754,755,756,757,758,759,760,761,762,763,764,765,766,767,768,769,770,771,772,773,774,775,776,777,778,779,780,781,782,783,784,785,786,787,788,789,790,791,792,793,794,795,796,797,798,799,800,801,802,803,804,805,806,807,808,809,810,811,812,813,814,815,816,817,818,819,820,821,822,823,824,825,826,827,828,829,830,831,832,833,834,835,836,837,838,839,840,841,842,843,844,845,846,847,848,849,850,851,852,853,854,855,856,857,858,859,860,861,862,863,864,865,866,867,868,869,870,871,872,873,874,875,876,877,878,879,880,881,882,883,884,885,886,887,888,889,890,891,892,893,894,895,896,897,898,899,900,901,902,903,904,905,906,907,908,909,910,911,912,913,914,915,916,917,918,919,920,921,922,923,924,925,926,927,928,929,930,931,932,933,934,935,936,937,938,939,940,941,942,943,944,945,946,947,948,949,950,951,952,953,954,955,956,957,958,959,960,961,962,963,964,965,966,967,968,969,970,971,972,973,974,975,976,977,978,979,980,981,982,983,984,985,986,987,988,989,990,991,992,993,994,995,996,997,998,999,1000,1001,1002,1003,1004,1005,1006,1007,1008,1009,1010,1011,1012,1013,1014,1015,1016,1017,1018,1019,1020,1021,1022,1023
1,0.21073698,0.34737638,0.27670774,0.00446215,-0.15959707,-0.026259905,0.3250315,-0.033935055,0.011577117,0.15400422,-0.014721342,0.1345158,-0.2002068,0.051318016,-0.00033171978,-0.120512985,0.031002155,0.07911194,0.14077759,-0.042540334,0.22185555,-0.06454206,-0.13677564,-0.06698458,0.27459538,-0.040444102,-0.31198207,0.1015494,-0.6700223,0.22753267,-0.037275437,0.06412675,0.115272686,0.15171474,-0.012955162,-0.2018898,-0.2824573,0.348909,-0.1044215,0.115656145,-0.09415719,0.05792316,-0.43405017,0.094356045,0.27380794,-0.0054298574,0.06530447,0.26553705,0.46881557,0.22551034,-0.2301315,0.19518551,0.10346935,-0.028786581,0.032574277,0.2119693,0.47408682,0.48223573,0.20573124,-0.12641205,-0.040304165,-0.16726652,0.32769313,0.09011414,-0.39931253,0.29848775,0.25854957,-0.024242608,-0.085806064,0.11304177,0.29969257,0.36150932,-0.06766942,0.16369085,0.15896861,0.28005922,0.22860545,0.36630866,0.07949257,0.06560164,0.17347367,0.1790877,-0.5724409,0.20314328,0.28737828,-0.3772305,0.30393997,0.10672349,0.10797067,-0.14241576,-0.027287196,0.26808748,-0.06810403,0.29826632,0.1432353,-0.21386304,0.028832335,0.19548078,0.32812154,0.068002366,0.3291724,0.42404243,-0.6489423,0.3349963,-0.025338842,-0.028974572,0.2711085,-0.7354911,0.6567446,-0.20686595,-0.2596627,0.28200832,0.30720896,-0.2139664,-0.22146782,-0.30315503,0.16290888,0.17058472,-0.06337182,0.27909666,-0.060666833,-0.17405348,-0.10148732,-0.08868583,-0.08871229,0.52199703,-0.3523732,0.20769645,0.16325825,-0.03932017,0.10186037,-0.036161184,-0.054780457,-0.3479736,-0.19825609,0.31985348,0.10936075,0.3564765,-0.860285,-0.36905012,-0.11012879,0.13753794,0.07704865,0.2119967,-0.17148346,0.25146207,-0.027591692,-0.2120091,-0.3311246,-0.11224365,-0.08299668,-0.24348867,-0.18568109,0.14193247,-0.19380175,-0.19077483,0.21743047,-0.15890856,0.19644435,0.3391889,0.08643285,0.09661992,0.0696028,-0.18458068,0.39822605,0.50708175,0.0318348,-0.14561749,0.12777095,0.23765546,0.19696635,-0.1826323,-0.13697517,-0.3512225,0.28433236,-0.41090232,-0.17951855,-0.024015615,0.03758961,-0.15819563,0.28745514,-0.11795687,-0.059214257,-0.43136424,0.17557661,0.78958744,0.10490882,-0.0012022132,-0.881635,0.05688166,0.04289211,0.19955689,0.18133798,-0.07751699,-0.6882124,0.137379,0.19957282,0.04347569,-0.20676398,-0.10275684,0.19077003,-0.12169311,-0.045562536,-0.35080406,0.23607112,-0.13288407,0.09945218,-0.031026576,0.6069703,0.22977945,-0.0021357797,0.15291521,-0.12745158,0.29382753,-0.19822788,0.69896287,-0.2194099,-0.5060504,0.41248497,0.1927437,-0.297182,0.03698667,-0.29476953,-0.118428834,-0.13661402,0.3449568,-0.11959192,0.12811022,-0.3034099,0.46041977,-0.07865084,0.23361729,0.23046581,0.020334188,-0.07372745,0.017561417,-0.26474947,0.17066193,0.24316512,-0.15865453,-0.15756883,-0.1572799,-0.10996082,-0.29954898,0.13237746,-0.108124465,0.30241498,-0.26948974,0.30858526,0.17834118,0.05890251,-0.11543323,-0.04978057,-0.07572864,0.008422377,-0.07672717,-0.22784749,0.4036134,-0.32316318,-0.35215342,0.014026505,0.11394257,-0.13401328,0.27537978,0.053732283,0.4529284,-0.37714484,0.20724767,-0.12913908,-0.24952917,-0.17353845,0.21630524,0.22666907,-0.019832475,-0.024452519,0.036489308,0.15478122,-0.09898556,-0.5709348,-0.33580133,-0.12755306,0.16674757,0.36069494,0.0015821056,0.19799073,-0.5405763,-0.1239985,0.29220948,0.0044052755,0.019636296,-0.08597204,0.37924585,-0.33682585,0.088591196,-0.11152437,0.18810657,0.20027906,-0.5141964,-0.05282555,0.31338927,0.28456277,0.38792503,-0.29460636,-0.20154275,0.6072305,0.10108692,0.12631056,0.018089956,0.353732,-0.06939081,-0.06146754,0.07161462,0.09452677,0.08233124,0.114908785,-0.016163273,0.15787739,0.08484886,0.035000548,0.2855674,-0.029810468,-0.08523396,0.26946905,0.12671521,0.017501859,-0.124812834,0.05692513,-0.15242057,-0.144256,0.43062243,0.081223,0.058597,0.11908438,-0.11146643,-0.189677,0.044651274,0.14769721,-0.11396355,-0.17426263,-0.16387501,0.06217946,-0.5304561,0.090311095,-0.26338688,0.351981,0.020502692,0.028452113,0.44642457,-0.29432127,-0.2392653,-0.020763384,0.22801557,0.3051315,0.07406879,0.060121693,0.16245386,0.039922208,-0.19481328,-0.18764076,0.06925069,0.34642094,-0.45863682,0.2005383,-0.20700356,-0.07628515,0.31414646,0.11228563,0.120030954,0.0011725941,0.22787957,0.09779543,0.0058846367,-0.003519625,0.09051737,0.493227,-0.20108277,-0.43075195,-0.6146128,-0.25556186,0.13961543,0.0013278839,0.038613185,-0.29716176,0.7459058,0.128733,0.13640654,-0.00022306918,0.27751917,0.18626834,0.3181022,-0.051178366,-0.41828418,-0.11430408,0.42128968,0.2589074,0.07516811,0.17288902,0.094521835,-0.23810299,-0.03477306,-0.1874381,-0.36213273,0.11922886,-0.53570735,0.35675228,-0.42920256,-0.00580299,0.05066458,0.07613514,-0.11451004,-0.16442156,0.20170307,0.10214592,0.56237763,-0.18518476,-0.5890201,-0.47393438,0.2085815,0.068095684,0.08342577,-0.43289876,-0.31622,0.130046,-0.4958855,0.10794956,0.18480231,0.09452082,0.012181969,0.14245857,0.40785995,0.6681479,-0.050070796,0.41263026,-0.2643862,0.07470968,-0.17224927,0.044789936,-0.0043265917,-0.08468069,0.21234755,0.45034084,0.19741806,-0.28463703,0.2057087,0.45534855,0.18182428,-0.22157167,0.33619907,0.053599775,0.10783369,-0.14271721,-0.02111332,0.18790574,0.16056454,-0.11029848,0.017445918,-0.15326273,-0.09608896,0.33748847,0.16018014,-0.04004837,-0.17700727,-0.37003288,0.29250455,-0.55001986,0.035350997,-0.18157203,-0.02206932,-0.05921583,0.1304811,-0.13530289,0.3178887,-0.19025636,-0.32681015,-0.054188173,-0.09964029,-0.019714462,0.043090012,0.06367309,0.46096104,-0.32152295,0.27857488,0.18157016,-0.17370576,-0.4365591,0.34825048,0.14138274,-0.06394581,0.37177387,0.16589552,-0.37163755,-0.012316684,-0.32269824,0.06602099,-0.46369198,-0.24773827,0.08133895,-0.2894897,-0.11267845,-0.32316026,0.53451765,0.31505677,0.103306964,-0.31814563,0.35871202,-0.012499919,0.29068047,-0.10265291,0.042062696,0.2701685,0.15462236,0.2396343,-0.25680685,-0.32400367,0.17422329,0.13551168,0.40274084,0.09614365,-0.28076324,-0.040648114,-0.34249055,-0.47171634,0.3651977,-0.22876288,0.06460523,0.3337588,0.25417298,0.010729141,0.43086305,-0.00077764166,-0.28753585,0.2578197,-0.73312974,-0.18940265,-0.12839691,-0.18128797,-0.021256585,-0.06487694,0.01835258,0.04701498,0.41065148,-0.16573758,0.16459557,0.5164534,0.199393,-0.29778257,-0.08881061,0.35001075,0.16356622,-0.38548908,0.023962349,0.1778854,-0.51598,-0.9385576,-0.12523006,0.083846234,-0.021704886,-0.18476874,0.25521326,-0.060878985,-0.10509189,-0.10800759,-0.060222697,-0.043644786,-0.098327465,0.20860581,0.22819014,-0.005683697,-0.084756434,-0.5084996,-0.3114782,0.28643754,0.074142545,-0.14924924,-0.53082013,-0.05668763,-0.15589617,0.20919484,0.38544565,-0.117507316,0.4545312,-0.22172472,0.14033084,-0.5701374,0.08000763,0.16113658,0.4552209,-0.29492465,-0.092699416,0.76493424,0.14155398,-1.5245098,-0.11461016,-0.14969318,0.35220626,0.0050097983,-0.15781355,-0.39250153,0.33017224,0.26419762,0.18533823,0.26722357,0.18122637,0.2650104,0.42478308,-0.20625183,0.4764612,-0.29788846,-0.12260186,0.13862929,-0.10375442,0.28148958,-0.28268477,0.15898903,0.1501455,-0.26606885,0.21910515,0.057952605,-0.11042182,0.2224883,0.28946093,-0.013278706,-0.62715447,0.025755811,0.113849886,-0.07115159,0.21935989,-0.47245774,0.39610273,0.08178294,-0.21748927,0.09028589,0.102111034,0.22711627,-0.017341454,-0.24214092,-0.18019652,0.0225358,-0.10314743,-0.19545542,-0.38529432,-0.2893689,-0.1292101,0.25533447,-0.3040072,0.18672942,0.4155792,-0.095390916,-1.2625836,0.0097100865,-0.72566587,0.26810363,0.2237344,-0.10610459,-0.16256084,0.23907927,0.2781397,-0.03980581,-0.042995945,-0.27617255,-0.12237455,-0.01175122,-0.24626477,0.10681028,0.40636835,0.22498997,0.05088312,-0.19413899,0.06564705,-0.30653918,-0.35440746,-0.08936322,-0.026755894,-0.25371042,-0.104997225,-0.6594534,0.16973846,-0.07456358,0.25032708,-0.30975926,0.37970904,-0.258439,-0.45457572,-0.27919757,0.17373905,-0.202426,-0.030637616,-0.26717967,-0.25866023,-0.2364138,-0.27678692,-0.23402423,0.31155506,-0.043485835,0.023937128,0.044923447,0.077782795,-0.24220213,-0.24254178,-0.12372873,0.036669962,-0.35397562,0.14077766,-0.37853694,-0.32132903,-0.28135556,0.09213901,0.37138644,-0.13867731,0.16659538,0.111239046,0.15106356,-0.074607916,0.19144572,-0.15538669,-0.5022534,0.2041233,-0.1814342,-0.19093913,0.13251384,0.44710293,-0.21479678,0.140072,0.28255823,0.1572549,-0.07343538,-0.23036638,-0.5111694,0.12035227,-0.19630504,0.06542998,0.12608135,0.1751408,-0.27238184,0.4023999,0.27585438,-0.04864912,0.12734075,-0.12795341,-0.49372286,0.3322348,0.11848782,-0.14575753,-0.35042277,0.33730078,-0.005498822,0.39143723,0.05590413,0.17707354,0.1934346,0.4134492,-0.044511992,-0.239881,-0.07888442,-0.09354055,-0.28186566,-0.25703248,0.31431192,-0.25721022,-0.22114171,0.31904855,0.030696714,0.082845874,-0.21642509,0.70433486,0.07445097,0.031866103,-0.14861998,0.0907627,-0.09342276,-0.42175677,0.8071931,0.5619612,-0.10182685,-0.075295575,-0.16272457,0.3971932,-0.20830892,-0.2550728,-0.33413264,-0.010906471,0.04101159,0.042183936,-0.46189797,0.1409967,-0.13890389,-0.3256151,-0.08614772,-0.29314688,0.34139308,0.007050203,-0.5703562,0.040815182,-0.06708505,0.1427069,0.16842896,0.0153801665,0.09738436,-0.10784199,0.24721612,-0.3286849,0.13768211,-0.071502626,0.19657236,0.41011477,-0.43548796,-0.5219583,0.6012912,0.3042224,0.36852503,0.09360566,-0.17098086,0.47980437,0.12301611,0.13853562,0.045686282,0.013656199,0.28989804,0.49101686,-0.11594985,0.286551,-0.22323537,0.043256022,-0.13553347,-0.22688453,-0.30472606,-0.3323539,-0.003402433,0.39199495,-0.21525088,0.00069500465,-0.10982203,0.05539192,0.49557036,-0.18366389,0.015428545,-0.27292332,-0.15467021,-0.21215549,-0.99256414,0.00011652184,0.15861565,-0.038399637,0.13325176,0.15086512,-0.07572015,-0.6324542,-0.10793013,0.02599964,-0.05434197,0.5047951,-0.17292547,-0.1078344,0.40623924,-0.0457377,-0.0153667815,0.09815595,-0.26415315,-0.05210908,0.19516857,-0.73583496,0.10800931,-0.21899933,-0.005110975,-0.22654358,-0.45177966,0.038304992,0.009976997,-0.30007517,0.2882455,0.31717005,-0.15553458,0.12094878,-0.2405744,0.042921323,0.060567528,-0.14370123,0.26664877,-0.42447254,-0.035560556,-0.2850303,0.3350686,0.2513401,0.095882565,0.2806157,-0.046114914,0.17139606,0.06826412,0.22060098,0.2752421,-0.030409819,0.13981602,-0.2967018,-0.12829283,-0.1537426,0.1781591,0.25688064,-0.121239856,-0.32514474,-0.14972846,-0.13938783,0.20848595,0.46629813,0.3015102,-0.39096102,-0.29948306,-0.13121553,0.28596818,-0.25245103,0.07941866,0.14408877,-0.13205603,-0.059352513,0.19309278,-0.28227243,0.28295988,0.59276694,0.22775647,-0.21527836,-0.15901245,-0.13527638,0.3348019,0.11544519,-0.27814302,0.01133879,-0.3374393,0.16145088,-0.02086152,-0.09884718,0.2928015,-0.26899433,0.00964705,0.008579742,-0.4596227,-0.39912227,0.016598044,0.062339842,0.21600662,-0.37486354,0.15981683,0.2728537,-0.13987327,0.42179212,0.08464764,0.25818744,0.014878938,-0.20878561,-0.45487884,0.042495407,-0.12978981,0.10962264,-0.072518356,0.40065715,0.14348534,-0.09239328,0.1421701,0.2989403,0.51822376,0.21427779,0.48195776,-0.17345044,0.14140968,0.16941981,-0.031664602,0.22601858,-0.22222057,0.4574702,-0.44599682,-0.22188078,-0.44162378,0.19042762,0.42676306,0.033345357,0.27495947,-0.10954908,0.17478195,-0.34337178,-0.23153138,-0.12455288,0.24832682,-0.31683657,0.5474837,-0.27293667,-0.20878097,0.25255904,0.018139714,-0.03982142,-0.45176506,0.27495694,-0.090888396,-0.16044188,0.060963497,0.47033376,0.096994475,-0.019249484,-0.18862794,0.2461629,-0.03273619,0.5295417,-0.03156907,-0.3002864,0.05411029,-0.144945,0.20181702,0.056020297,0.12213744,-0.06120362,-0.11659604,0.24386717,0.5738974,0.041336548,0.3935992,-0.11574636,-0.0238022,0.3449404,0.0667422,-0.11601397,-0.039593842,-0.11031702,-0.5514708,0.031533744,-0.120777056,-0.12429071,0.09830899
2,0.06548915,0.42352945,0.24150284,-0.13730937,-0.16432425,-0.09253118,0.47948828,-0.09914981,-0.14828625,-0.28387582,0.122502364,0.16830926,-0.17736983,-0.025114639,0.064158864,-0.109668225,-0.018077906,-0.21473895,-0.079529546,-0.3432814,0.061800957,-0.08659227,-0.21319593,0.007689578,0.64445496,-0.18997161,-0.041961003,-0.0020125767,-0.62089014,0.19944924,0.03307768,-0.084338725,0.20856877,0.3822372,0.2694303,-0.20598406,-0.49017105,0.35777298,-0.4087524,0.23322842,0.13393511,0.3227945,-0.7481902,0.21957137,0.24594535,-0.06914386,0.055162556,0.29678696,0.6128699,0.1517421,-0.24722724,-0.052089296,0.049347084,-0.20733415,-0.023060227,0.38129386,0.4884508,0.6323146,0.2479788,-0.24378362,0.058133017,-0.12065111,0.4158496,-0.19424336,-0.5304697,0.1459146,0.22157228,0.37326187,-0.06538341,0.13322616,0.40390006,0.42298955,-0.054801747,0.22409865,0.48161817,0.31644866,0.35029435,0.56177884,-0.040378124,-0.0138887325,0.39214894,0.1015953,-0.5258565,0.31227282,0.35496372,-0.52187073,0.25965992,0.16391315,0.16618735,-0.45024037,0.099638976,0.7863517,-0.057076804,0.479625,0.17509983,-0.07736978,-0.09683252,0.055870228,0.26086214,0.16560817,0.4490401,0.54231435,-0.88195854,0.5282582,-0.08387174,0.22180367,0.18799362,-0.6920749,0.74681073,-0.3273336,-0.45906425,0.26524863,0.2963471,-0.32332483,-0.3220299,-0.04151101,0.13790263,0.06541449,0.12825392,0.31426093,0.0156088695,-0.2321664,-0.1494053,0.036140487,0.10455395,0.77105975,-0.24247622,0.30227894,0.26410815,0.17691085,0.19348672,0.14556773,-0.15206711,-0.5156301,-0.16281982,0.21959972,0.18988779,0.5695971,-1.1849992,-0.46240804,0.012734984,-0.029383844,0.14851645,0.12411138,-0.38013226,0.21233855,0.2186096,-0.263419,-0.33231255,-0.07830304,-0.03408014,-0.277341,-0.11496599,0.040461533,-0.052581582,-0.19469209,0.17665909,-0.1941163,0.18901436,0.31905144,0.19238748,-0.085178986,0.20434988,-0.2587978,0.34678826,0.5939035,0.020329278,-0.1947909,0.3028555,0.21568112,0.27754343,-0.21456413,-0.17272897,-0.3579422,0.6484821,-0.4132597,-0.09542049,0.04160364,-0.18162525,-0.14567433,0.4947488,-0.15250996,-0.235382,-0.3871143,0.18005556,0.8722433,0.30078667,0.19562969,-1.2404461,0.072883114,0.11348376,0.50144666,0.31405053,-0.21437027,-0.6956124,0.3461708,-0.0072925533,-0.019928979,-0.022012562,-0.3838908,0.005977367,-0.3361387,-0.18275478,-0.28700072,0.3403034,-0.27938804,0.27539492,0.18654752,0.591403,0.44050753,-0.1664482,0.18395877,-0.15812816,0.15782635,-0.31877208,0.93360424,-0.4420984,-0.71528566,0.5870096,0.10967303,-0.671003,0.13421711,-0.3378895,0.095627986,-0.41499117,0.4870178,-0.47355217,0.27153426,-0.30143425,0.41843075,-0.1958346,0.20584126,0.13614964,0.0073098238,-0.18097986,0.083796605,-0.14117098,0.13540152,0.17159413,0.17395864,-0.58210707,-0.3861574,-0.16411415,-0.29180598,0.10459286,0.08095997,0.21737921,-0.32933703,0.3550195,0.12871286,0.07771928,0.06817707,-0.31565058,-0.051053386,0.047523145,-0.4016045,-0.49092385,0.53401536,-0.5254709,-0.36468577,-0.17850363,0.06935359,-0.04893762,0.086645946,-0.1356134,0.5048925,-0.4955137,0.2651688,-0.17425185,-0.24551195,0.053712744,0.10835633,0.06308381,-0.026658779,-0.43633088,-0.09969245,-0.07433885,-0.30952877,-0.66457546,-0.3967927,-0.035199724,0.14631091,0.31181777,-0.063956045,0.33598047,-0.49909222,-0.053783495,0.09289516,-0.02530968,0.029337615,-0.14256757,0.25102067,-0.14091669,0.40264955,0.03859763,0.30726314,0.08026988,-0.8129557,0.0062403935,0.41405126,0.0322288,0.38134623,-0.49091583,-0.29695725,0.6358144,-0.0454059,0.36667922,0.29667398,0.36361334,0.17923965,-0.15416242,0.24296518,0.35090286,-0.043803025,0.18294089,0.14505927,0.16690837,0.15041585,-0.13468531,0.27197623,-0.14630337,-0.15949565,0.28606996,-0.059734292,0.09083602,-0.06085288,0.114413396,-0.13401754,-0.35014218,0.37459663,0.12123102,-0.11691357,0.3638932,-0.17400339,-0.12996574,0.10057332,0.038776726,-0.031043973,-0.2990864,0.110038884,0.12375523,-0.524889,0.06085987,-0.13513504,0.24910934,-0.15277411,-0.13651875,0.5332275,-0.19287191,-0.41398376,-0.019695595,0.5612118,0.3372108,0.011124582,0.04227894,0.16522041,-0.05520366,-0.24092789,-0.18301845,0.30742323,0.3772798,-0.50758505,0.34350052,-0.1780751,0.21217951,0.26591936,0.18765819,0.06501356,-0.029207382,0.21089685,0.08825303,-0.07092102,-0.06395049,0.12262607,0.6365718,-0.32151574,-0.4279144,-0.8505344,-0.31247392,0.019542387,-0.015654294,0.29005197,-0.1873937,0.6852957,0.06154487,0.17099151,-0.15373549,0.5149494,0.03732288,0.0815674,-0.019244863,-0.32961473,0.015869921,0.18357135,0.36093917,-0.10838817,-0.056534126,0.20014185,-0.26664695,0.1235011,-0.275566,-0.5052488,0.09726635,-0.8554917,0.62985134,-0.36131194,-0.13471442,-0.035210073,0.31754446,-0.15100573,-0.3216313,0.3650073,0.11610401,0.6801297,-0.09738935,-0.39009577,-0.73743033,0.4556195,-0.05583753,0.0798281,-0.2162765,-0.32257718,0.12683794,-0.6957143,0.10012144,0.12760212,-0.16367398,0.004433096,0.071937494,0.24104132,0.8738266,0.076860964,0.50227386,-0.26350334,0.13134967,-0.22577274,0.22128618,-0.33010638,0.007677794,-0.014181071,0.49055198,-0.029772585,-0.3411622,0.38665557,0.76856494,0.1799645,-0.16194662,0.24382553,-0.04275877,0.1288999,-0.12610972,0.16901237,0.0059406585,0.21628541,-0.0004204975,0.100785956,-0.23113558,-0.08278633,0.18123466,0.0669322,-0.094134584,-0.07897887,-0.46953058,0.1607286,-0.4405577,-0.11569945,-0.14601666,0.10609277,-0.17755675,0.040311158,0.061825532,0.38633227,-0.19369756,-0.39302048,0.014724015,-0.061855663,-0.2929232,-0.00664897,-0.09926123,0.5559273,-0.35376334,0.308613,0.3101295,-0.09043,-0.22241963,0.46145716,0.1467232,0.16867423,0.4856143,0.14212297,-0.47972313,-0.1733202,-0.36485064,0.25666672,-0.34143686,-0.10450259,-0.07584857,-0.120304145,-0.089504175,-0.3215229,0.78193307,0.37214,0.093289256,-0.54878294,0.58876526,0.18601015,0.19697882,0.15395947,0.2044861,0.1139204,-0.009608005,0.2297311,-0.12751074,-0.4585753,0.070368975,0.1211832,0.5345558,0.38156533,-0.29928738,0.20017993,-0.50401175,-0.37947047,0.36872843,-0.24390617,0.23178902,0.26792192,0.28798014,-0.22495009,0.3795638,0.05862635,-0.42551807,0.12738684,-0.7428432,0.014241671,-0.41567945,-0.40373468,-0.19248389,0.16673684,-0.0075705927,-0.18681711,0.20558263,-0.21817604,0.15625986,0.6851323,0.25253054,-0.5208106,-0.0326484,0.3737877,0.27216977,-0.41300675,-0.13669902,0.05167313,-0.76810414,-1.0885303,-0.11563451,0.24155103,0.046001423,-0.23139884,0.2527657,-0.06312179,-0.24427775,-0.01900393,-0.17167147,-0.16092388,-0.014818976,0.28593734,0.30211836,-0.07302824,-0.05528078,-0.6749215,-0.19454046,0.45122498,0.2673463,-0.34463078,-0.735976,0.21032917,-0.37597024,0.38785094,0.26659095,0.13811216,0.53821033,-0.19071618,0.10135066,-0.4939828,-0.08530092,0.044423148,0.52291155,-0.39073548,-0.305927,1.1791952,-0.10763225,-0.7258838,-0.055894133,-0.19624177,0.28993437,-0.06480532,0.0027172265,-0.4109319,0.39124358,0.512492,0.25559127,0.30558714,0.29784402,0.24474601,0.65126616,-0.02639934,0.40142062,-0.28208315,0.21041763,-0.10719185,0.10289772,0.31766707,-0.4970217,0.29895818,0.118856505,-0.27279618,0.04477116,-0.021609873,-0.109409966,0.41137034,0.35476744,-0.13528472,-0.70142823,-0.028701821,0.07734824,0.14025553,0.22951742,-0.52927023,0.3601481,0.09556399,-0.29959947,-0.3236158,0.07773121,0.17405257,-0.12827162,-0.4114231,-0.04735581,-0.121780105,-0.2790846,-0.23264168,-0.57139295,-0.5827596,-0.29789332,0.14674014,-0.26044035,0.055474922,0.7233688,-0.37124416,-0.9698407,0.24344552,-0.76734775,0.36535534,0.18876418,0.08431034,-0.1885359,0.32965648,0.44170305,0.069893725,-0.36673012,-0.08492575,-0.39853716,0.16298956,-0.22332841,-0.09039683,0.45722604,0.14382087,-0.050557993,-0.15207858,0.2575266,-0.297941,-0.5823284,0.087302305,-0.19842473,-0.32534268,0.26268753,-0.6172471,0.108553275,0.11628652,0.110224314,-0.26062888,0.29483584,-0.2023988,-0.4278202,-0.33954325,0.44810748,-0.38640058,-0.031321533,-0.32760772,-0.23615238,-0.22691709,-0.37744346,-0.3059604,0.21898608,0.18060938,0.2773083,0.100128904,0.18161488,-0.16089876,-0.17223951,-0.42337316,0.072356224,-0.5606956,-0.07106814,-0.42731315,-0.34485054,-0.19810504,0.15758833,0.45067695,-0.4625699,0.0381109,-0.28711557,0.3789595,0.120779194,0.30928278,0.07888782,-0.46049106,0.2690922,-0.27076903,-0.37321,0.042088058,0.35474232,-0.4117731,0.17613435,0.24762444,0.024644261,0.13868845,-0.20553553,-0.46892154,-0.025185937,-0.31515145,0.10459794,-0.08428132,-0.028948577,-0.07706859,0.36064005,0.28311613,-0.1084233,0.25536704,-0.058533918,-0.5348801,0.1678439,0.42343977,-0.19025773,-0.26641256,0.18242784,-0.20669512,0.59531623,-0.040372178,-0.13410959,0.25414753,0.5952287,-0.023867827,-0.13778082,0.11601735,-0.05146553,-0.28919387,-0.43530896,0.22562881,-0.27089602,-0.13823722,0.6179913,0.106565095,0.17378093,-0.06882668,0.6885759,-0.6170828,0.19020908,-0.083955005,0.09928665,0.12495308,-0.48924938,0.88468504,0.40329704,-0.16905713,0.14344802,-0.4359222,0.47871396,-0.1842818,-0.1622822,-0.17117508,-0.0575769,-0.08431889,0.24332502,-0.5048297,0.048706263,-0.16345176,-0.631229,-0.23252155,-0.47132707,0.60635775,0.2573437,-0.4410483,-0.06707794,0.049292058,-0.05298234,0.15123866,-0.33511662,0.21358359,-0.3015614,0.07371099,-0.25831088,0.18699718,0.046031423,0.20176733,0.62387913,-0.5285058,-0.5579375,0.756561,0.32620177,0.262426,0.22436117,-0.3495607,0.59416735,0.04657954,0.08636958,0.2531384,-0.04923396,0.039233528,0.37265307,-0.054875866,0.2947087,-0.25836718,0.15480599,0.012880344,-0.13131797,-0.3636715,-0.57077914,0.023706712,0.057679016,-0.30518496,-0.21968324,-0.24399255,0.20355596,0.6763001,-0.04821995,-0.014694556,-0.46370265,-0.1270879,-0.16529045,-0.78095144,0.13886762,0.1763242,-0.0008415519,0.09897804,0.2461502,0.043139495,-0.7043246,-0.07796966,-0.10911321,-0.032887697,0.4432619,0.13206893,-0.077315144,0.47918525,-0.33719218,-0.13511904,0.041310962,-0.16953951,-0.20602742,0.5328015,-0.895195,0.108543925,-0.2794184,-0.046598822,-0.27792197,-0.37016845,-0.19333923,0.13085958,-0.20246425,0.07783289,0.4528652,-0.41421074,-0.0565959,-0.27410638,0.19406605,-0.029989267,-0.3858489,0.018255124,-0.5948538,-0.092563696,-0.3525054,0.35104322,0.3914448,0.32532868,0.18227595,-0.15575235,0.20946807,0.1552774,0.1233347,0.279376,-0.2332411,0.05271079,-0.3459412,-0.29000717,-0.39122793,0.16772535,0.25239983,0.06478568,-0.29206496,-0.41787744,-0.12106539,0.26582372,0.5245391,0.7542419,-0.502447,-0.57810676,-0.2412629,0.45224473,-0.32484263,0.22835842,0.4197917,-0.28633502,0.13832946,0.22332706,-0.41355073,0.3455282,0.6786944,0.31347826,-0.17008811,-0.24104278,-0.07039331,0.5491006,0.21827643,-0.18081981,3.441864e-05,-0.35198197,-0.015586638,-0.0096715465,0.036382698,0.10333661,-0.4374483,-0.013912035,-0.086030826,-0.32193843,-0.3419158,0.17215168,-0.07226324,0.641933,-0.62754244,0.26294845,0.41807732,-0.47344586,0.3792263,-0.27307707,0.42713878,0.15812726,-0.20256111,-0.76604587,0.10417251,-0.23045889,-0.05112929,0.24680813,0.15214288,-0.082510814,0.1266933,0.1528434,0.38132793,0.5665248,0.23748079,0.4581479,0.046157014,0.008488288,0.3118042,-0.18214211,0.27781653,-0.30997255,0.564734,-0.27488896,-0.2664738,-0.37299338,0.11912368,0.59558696,-0.002227408,0.19848335,-0.1758354,0.116165735,-0.53487915,-0.21075796,-0.11380358,0.27334735,-0.1516064,0.71983075,-0.46074203,-0.2030426,0.36950725,0.15723051,-0.045747966,-0.305485,0.4435188,0.010881723,-0.3685877,0.24101183,0.4245527,0.28505138,0.034692224,-0.14196499,0.012504653,0.21149081,0.46777895,0.0391112,-0.2656815,0.19419746,-0.10786729,-0.095133536,0.18192407,0.47571623,-0.12959103,-0.22556081,0.070126034,0.65560764,0.10157753,0.39760458,-0.13153832,0.0035543097,0.55026126,0.07851589,-0.06424376,-0.15946889,-0.20320694,-0.8398905,0.19424354,-0.11086654,-0.15640269,0.04739966
3,0.059104916,0.42248893,0.30566096,-0.04854124,-0.10625307,-0.14365818,0.44196162,-0.16831936,-0.06669046,-0.15225208,0.12347709,0.18588753,-0.09975918,0.022063935,0.006895113,-0.10237437,-0.07853441,-0.1826967,0.0278419,-0.29145736,0.06978555,-0.07888175,-0.24018003,-0.057800032,0.60306257,-0.22713783,-0.13373663,0.03430494,-0.5993924,0.18733673,-0.11264916,-0.17282681,0.23548624,0.30007526,0.24590859,-0.17767772,-0.46587363,0.31252626,-0.3546135,0.09137243,0.10500943,0.34327194,-0.6739565,0.29821235,0.3172488,-0.08244837,0.06980546,0.25110552,0.45101675,0.22631857,-0.28103232,-0.043319434,0.061049365,-0.14428984,0.0031508473,0.30678678,0.40931302,0.58821857,0.21616898,-0.19610949,0.10211985,-0.11577006,0.43735602,-0.23326902,-0.39137003,0.19527002,0.2600051,0.32114583,-0.17735432,0.0802796,0.3163417,0.3910819,-0.041353215,0.32531497,0.30350587,0.38215077,0.33137414,0.5196039,-0.013117157,-0.008808351,0.36223817,0.12225784,-0.5092593,0.29817536,0.28563258,-0.4618528,0.23505163,0.10668903,0.1110819,-0.3595577,0.02608276,0.5969816,0.020460734,0.36075413,0.11118811,-0.10647922,-0.065596476,0.12392378,0.23487566,0.16979039,0.5210884,0.4512184,-0.8579638,0.47018835,-0.03874879,0.24646546,0.25571832,-0.684387,0.6666874,-0.4119715,-0.40518677,0.26914594,0.27818072,-0.39029542,-0.24599606,-0.11606144,0.22432809,0.12507294,0.1375886,0.3034253,0.013154864,-0.25720176,-0.24176374,-0.18171115,0.097989805,0.69924295,-0.1999829,0.2811535,0.2226136,0.17418648,0.17567892,0.11720548,-0.19616127,-0.5460544,-0.2449874,0.25572577,0.17026083,0.52187335,-0.9969183,-0.46976554,0.03699576,-0.002242264,0.12626405,0.10986123,-0.37904122,0.24428973,0.16693972,-0.2791847,-0.23060194,-0.039609104,-0.048551135,-0.3022749,-0.12517631,-0.007913535,-0.16384804,-0.24802415,0.18385008,-0.16359974,0.07797732,0.36539918,0.23925729,-0.0026211017,0.15670401,-0.3830244,0.33859748,0.55819243,0.005234823,-0.11573399,0.28661472,0.20151716,0.30069274,-0.21964051,-0.21842727,-0.42302114,0.53989357,-0.43653923,-0.08546529,0.050356388,-0.1508874,-0.15501814,0.47718006,-0.12789701,-0.088839665,-0.47929564,0.05269727,0.85258216,0.35799396,0.24043956,-1.1044095,0.071401775,0.12505947,0.4902319,0.33582002,-0.27359927,-0.63053423,0.26796,0.11907129,-0.01794823,-0.12144887,-0.37052158,0.03746681,-0.31018287,-0.13420473,-0.2841737,0.30437657,-0.24207889,0.26040632,0.16155864,0.5590504,0.40775773,-0.12757397,0.19870208,-0.09155088,0.14100672,-0.26202717,0.8752793,-0.39140242,-0.5995029,0.50012434,0.092578284,-0.5439949,0.103082344,-0.3201175,-0.014598485,-0.24479558,0.43573716,-0.3962557,0.24930325,-0.29102954,0.4160031,-0.16996014,0.25484514,0.03912367,0.058107626,-0.069083944,0.021691961,-0.048434857,0.16377553,0.19521342,0.1637668,-0.4826873,-0.39859715,-0.18330108,-0.30199465,0.14992777,0.065566674,0.26214275,-0.25328904,0.29685563,0.13306113,0.08618477,0.09005483,-0.32426435,-0.029720249,0.004480027,-0.3978695,-0.38736114,0.5955783,-0.5829902,-0.3863985,-0.11142746,0.16285293,-0.04138287,0.2153147,-0.14175428,0.4224453,-0.4644617,0.1951409,-0.17801198,-0.2203897,-0.09600465,0.11122127,0.12527639,-0.09117341,-0.41124883,-0.11559826,-0.04785589,-0.27960607,-0.56868327,-0.33773816,-0.0721442,0.09667779,0.2944879,0.025158037,0.3288088,-0.48614427,-0.107475944,0.13558045,-0.057960723,0.09736098,-0.14006539,0.18341495,-0.17094764,0.36161575,-0.0576443,0.34027478,-0.006594718,-0.8090415,-0.05473843,0.367031,0.016862553,0.3238765,-0.38810277,-0.34851384,0.6224133,0.060341142,0.20616628,0.21963952,0.32427993,0.1188281,-0.14011626,0.30828702,0.26551563,0.028582128,0.17054284,0.05708844,0.16741686,0.13765469,-0.10821228,0.26360086,-0.10111723,-0.05904388,0.23435853,-0.08626227,0.0701165,-0.061476253,0.084807545,-0.1406397,-0.33206147,0.3340819,0.0736261,0.0033038706,0.3157407,-0.16283898,-0.19409502,0.077905014,0.09621795,-0.042493228,-0.24885431,0.08528722,0.14708047,-0.5989841,0.028919052,-0.23914397,0.23172219,-0.12424242,-0.09909372,0.5235199,-0.19559027,-0.3514147,-0.04220691,0.47432548,0.3497472,0.020451302,0.12079168,0.14729129,-0.045286004,-0.16895531,-0.20869695,0.20007409,0.38465366,-0.49503827,0.21601005,-0.24499105,0.1240204,0.25709742,0.07139948,-0.00032467055,-0.02152625,0.21070364,0.01679093,0.054180585,-0.09114626,0.0494453,0.5827973,-0.3236345,-0.45491675,-0.78801966,-0.4055008,0.06921444,0.006117226,0.20516966,-0.15627362,0.7922827,0.09488151,0.20636407,0.04539461,0.3934193,0.042131115,0.19197294,-0.075837046,-0.3687141,-0.09326696,0.20071697,0.31913304,-0.12997943,-0.020945704,0.13367048,-0.24541038,0.097134635,-0.26120204,-0.3954853,-0.028605513,-0.64422095,0.51829046,-0.3431375,-0.1347272,-0.009554247,0.27488092,-0.16529468,-0.28776616,0.26192534,0.1766707,0.61736846,-0.11124556,-0.38163173,-0.73080486,0.33967328,-0.19440067,0.09754633,-0.20078732,-0.29648605,0.1459008,-0.58462876,0.18315929,0.19872423,-0.15501389,-0.119102046,0.10684777,0.39834136,0.6976374,0.13279785,0.4918115,-0.2900924,0.079953566,-0.21843953,0.18398859,-0.2596156,0.090366974,0.03279974,0.4871042,0.012112243,-0.32707143,0.36843318,0.7844277,0.14512415,-0.17256737,0.36854956,0.0026708115,0.06578188,-0.09369917,0.10171508,0.05523325,0.14470944,-0.04904746,0.07550709,-0.30494067,-0.037629455,0.2748112,0.09736646,-0.07005748,-0.01398071,-0.46234852,0.16807885,-0.4141349,-0.063466094,-0.11845846,0.090944216,-0.123647265,-0.024011755,0.052120112,0.32238492,-0.14615425,-0.37624308,0.107320026,-0.11239081,-0.25161067,-0.0061064693,-0.11119258,0.48698708,-0.32856265,0.22902563,0.26327178,-0.047353435,-0.24509306,0.37936687,0.23738179,0.13623616,0.43663025,0.0853889,-0.4418643,-0.068410456,-0.40095523,0.26443854,-0.3943663,-0.20652384,0.04503593,-0.21927747,-0.021638198,-0.27265394,0.645367,0.26072523,0.06559605,-0.49630368,0.6166549,0.09796206,0.23397811,0.15954092,0.13990761,0.015651735,0.03902062,0.22267877,-0.16483313,-0.4308585,0.052240454,0.12612405,0.49203488,0.27189818,-0.33075574,0.17359655,-0.48534882,-0.42844892,0.43184543,-0.15537618,0.22793558,0.18606561,0.23312616,-0.2828321,0.37289283,0.04300124,-0.275403,0.018809825,-0.7603669,0.04585999,-0.33286077,-0.40787467,-0.11469038,0.10506217,0.014784478,-0.1356261,0.2695876,-0.102821454,0.1512132,0.61002964,0.24136211,-0.52348256,-0.0193051,0.34110472,0.25481835,-0.3725192,-0.051832434,0.11353956,-0.6948801,-1.0290123,-0.1875729,0.213722,0.15242504,-0.29260215,0.21890275,-0.044719536,-0.14837965,-0.03420929,-0.06744327,-0.13175043,-0.032134943,0.2571524,0.3245211,-0.14064837,-0.038014833,-0.5778727,-0.18692039,0.42628247,0.2503493,-0.3382591,-0.6664108,0.055684526,-0.36051497,0.33645314,0.32752255,0.13133262,0.391092,-0.27759892,0.07536916,-0.45279893,-0.019127086,0.084632136,0.5256993,-0.30632517,-0.2498789,1.0270064,-0.013472268,-0.7538457,-0.0834868,-0.1048596,0.3986406,0.02976218,0.0063560237,-0.33401895,0.3478475,0.41546792,0.21090297,0.29839224,0.24531323,0.22526538,0.5689443,0.07202335,0.4373245,-0.3113564,0.20988227,-0.06752785,-0.033380087,0.31173888,-0.5309249,0.22948763,0.20127624,-0.27545074,0.09044375,-0.030636657,-0.15398225,0.3972312,0.3324128,-0.124130085,-0.6983399,-0.055198792,0.06609744,0.09254644,0.19623427,-0.543631,0.35351235,0.05671263,-0.22994204,-0.43101436,0.09756646,0.16660649,-0.06946742,-0.3761661,-0.08172729,-0.10848573,-0.18228313,-0.15604378,-0.48074105,-0.5222927,-0.23974705,0.161891,-0.15848383,0.12172553,0.65988517,-0.38919544,-0.93291205,0.18316275,-0.75093275,0.30845088,0.24240784,-0.013552965,-0.14885731,0.3374733,0.31271943,-0.0035669876,-0.26551983,-0.07134013,-0.3635806,0.15787013,-0.22371054,-0.066594645,0.45807955,0.05127444,-0.049501967,-0.20031342,0.31384942,-0.31782892,-0.49641356,0.12793742,-0.28925198,-0.3040423,0.19438072,-0.5588155,0.14189282,0.031778373,0.21780424,-0.20672448,0.21101739,-0.17192386,-0.37662107,-0.31998363,0.3861656,-0.307416,-0.044983346,-0.24612495,-0.23754267,-0.23281284,-0.35572284,-0.31933427,0.25019234,0.16736275,0.17952804,0.07999931,0.15925659,-0.20754023,-0.14633659,-0.39139098,0.09657234,-0.48522618,-0.03879213,-0.41779858,-0.26342872,-0.2274106,0.24734686,0.3591177,-0.39576182,0.06088416,-0.30278006,0.32974878,0.12457827,0.29623827,0.05888646,-0.43239275,0.22008982,-0.25505465,-0.35584334,0.03373746,0.44742942,-0.2939973,0.31774238,0.2012488,-0.06142383,0.08577905,-0.15461873,-0.49493694,-0.1021458,-0.2277871,0.113120474,-0.0751019,-0.090931036,-0.14258192,0.26202315,0.22255817,-0.115795344,0.22160858,-0.018581511,-0.5040359,0.18411437,0.44368386,-0.18482764,-0.19911468,0.22698036,-0.22269844,0.49297515,-0.043658208,-0.10203304,0.2517801,0.5414371,0.018218573,-0.05485067,0.11957151,-0.097086094,-0.22987719,-0.42574674,0.15049285,-0.2974738,-0.11233985,0.47924727,0.116923034,0.10626971,-0.105177104,0.6917323,-0.51696813,0.19841959,-0.09126155,0.08633846,0.13863042,-0.3973488,0.78799665,0.43920302,-0.086595565,-0.004266067,-0.5091621,0.42506206,-0.13229708,-0.119236015,-0.23045965,0.023549652,-0.104293294,0.1680834,-0.3624295,0.047858115,-0.12420463,-0.5772945,-0.17683601,-0.434424,0.5113402,0.27711114,-0.4158805,-0.01239413,0.098094806,-0.048239455,0.17335175,-0.25423482,0.19991478,-0.25769475,0.15546326,-0.17172383,0.1324871,0.032389116,0.12257181,0.58314216,-0.4935418,-0.47089386,0.7444564,0.28964046,0.22926454,0.15976328,-0.33566037,0.56482816,0.14774969,0.09391408,0.25425538,-0.0045187655,0.039762054,0.34006947,-0.052396774,0.26210475,-0.17819385,0.096603155,0.019772971,-0.16575055,-0.31572035,-0.49376923,0.045851573,0.10962693,-0.23891635,-0.14517523,-0.22558796,0.16429773,0.6600586,-0.012545461,-0.12419577,-0.527175,-0.10165786,-0.15999956,-0.64093655,0.10991881,0.13742928,0.036228046,0.08339927,0.2060094,-0.0015429038,-0.6528585,-0.03870197,-0.011878436,-0.045256987,0.44221073,0.095745906,-0.019628726,0.42373478,-0.17782223,-0.16380468,0.041209087,-0.12370434,-0.13247956,0.460381,-0.87403864,0.0038519925,-0.20587769,-0.0917633,-0.25130746,-0.38743633,-0.069997564,0.13483322,-0.17942992,0.08048387,0.41111895,-0.3685596,-0.030902034,-0.19817623,0.17329498,-0.002178387,-0.32521802,0.08167837,-0.5052913,0.032106765,-0.24648799,0.40109453,0.38925627,0.27937782,0.19353151,-0.15412597,0.080692485,0.1783815,0.09385972,0.21189922,-0.17792267,-0.014798551,-0.35951602,-0.24058628,-0.37371925,0.20755409,0.25629407,0.13760348,-0.2962298,-0.2941898,-0.16972905,0.2270388,0.46509126,0.5404664,-0.46786237,-0.50285757,-0.21498981,0.32719383,-0.2428927,0.19244526,0.36308774,-0.32599908,0.126396,0.25715914,-0.32195574,0.2942449,0.72890437,0.26684535,-0.14414476,-0.098541714,-0.015832936,0.4433895,0.18777849,-0.1597686,0.00022492833,-0.28981572,-0.034587067,-0.11597396,0.024997594,0.18137202,-0.42996725,-0.040989242,-0.061928798,-0.27103367,-0.34290713,0.15011375,-0.018744972,0.55175567,-0.5301829,0.1961945,0.4314638,-0.35485277,0.33761773,-0.19396167,0.32519385,0.12533161,-0.23790695,-0.63101256,0.09089893,-0.21555786,0.00064237416,0.18788466,0.13139553,-0.1471754,0.14176415,0.13593397,0.39501357,0.5003607,0.42007333,0.4200489,0.046854984,0.018560726,0.28787917,-0.15980966,0.27739862,-0.29558206,0.57002074,-0.32457805,-0.25899282,-0.36767045,0.041447412,0.46659893,-0.03336958,0.24016248,-0.19003285,-0.03730134,-0.42700714,-0.20362744,-0.038823217,0.18014522,-0.13824901,0.60087043,-0.41134846,-0.3274139,0.3885587,0.07466359,-0.12450902,-0.25275412,0.47534117,-0.120708816,-0.29974446,0.20225401,0.37368414,0.24126443,0.061966646,-0.07693282,0.09644466,0.19141646,0.4108058,-0.014107419,-0.28659293,0.10986079,-0.02039999,-0.042808093,0.20827796,0.42498833,-0.10876704,-0.20379849,0.07129185,0.5963327,0.18263246,0.381584,-0.19238317,-0.101315744,0.4658041,0.1334889,-0.07974906,-0.032836612,-0.22512376,-0.79830366,0.26858753,0.024817057,-0.22972678,0.04641333
4,0.091792144,0.43725803,0.2819626,-0.13822289,-0.056634896,0.06275944,0.3292762,-0.116545804,-0.16228116,-0.0768986,0.14976278,0.16564284,-0.10965446,0.028497687,0.1352384,-0.13722561,-0.11343819,-0.1141213,-0.014430379,-0.17412351,0.056464262,-0.06623489,-0.007010913,-0.016419508,0.49042302,-0.15487987,-0.06801558,0.0502866,-0.46747008,0.104066044,-0.03220117,-0.085356586,0.1769368,0.20027402,0.19505726,-0.17702273,-0.45457545,0.36210564,-0.42026153,0.039071158,-0.014268703,0.29106092,-0.6101363,0.32388642,0.2752279,-0.07153951,0.07875257,0.25526777,0.46989942,0.17557164,-0.24607004,-0.023760127,0.06892003,-0.16118445,0.044203933,0.33119,0.34766296,0.5143283,0.32144767,-0.17049131,-0.052356802,-0.06478861,0.35240403,-0.051536117,-0.24737476,0.2663764,0.09133569,0.3988042,-0.1540245,0.0997719,0.38699767,0.4737056,-0.038324244,0.23262903,0.28940603,0.32167485,0.24696405,0.5247852,-0.038333755,0.08212303,0.2915244,0.17434031,-0.47070822,0.2056219,0.2632594,-0.33715886,0.11037646,0.09982639,0.12631716,-0.30119836,0.024177192,0.49454248,-0.011918519,0.4755696,0.097894214,-0.03285725,-0.013206251,-0.004123918,0.21673061,0.12087705,0.4249603,0.47134945,-0.6974638,0.4152821,-0.012362463,0.24992563,0.21799746,-0.59084123,0.669699,-0.3351954,-0.40384647,0.26899174,0.28220454,-0.3828351,-0.19369377,-0.11267697,0.07161665,0.114044875,0.19657108,0.23973146,-0.020240469,-0.17862725,-0.15103087,-0.11077393,0.0064312587,0.55808336,-0.2905584,0.3085428,0.22387812,0.24179344,0.1264007,0.13686374,-0.16236165,-0.4778941,-0.3106422,0.25724927,0.0834266,0.4211592,-0.9071673,-0.4057522,-0.02768426,0.011948769,0.025879005,0.123572804,-0.1646278,0.16605969,0.12273801,-0.13092194,-0.21992056,-0.0659707,-0.18069698,-0.17789897,-0.16035046,0.022582766,-0.18240191,-0.21391238,0.26894614,-0.21493146,0.19022085,0.37713376,0.3284133,-0.028056668,0.27318844,-0.37944543,0.37841395,0.5199062,0.0064127296,-0.06518096,0.24790122,0.16998248,0.12191797,-0.08989816,-0.116003916,-0.39187178,0.49711263,-0.5106967,-0.030503733,-0.0014648438,-0.0729515,-0.06923237,0.40608627,-0.07179019,-0.026105553,-0.4226248,0.07586005,0.72651035,0.2548145,0.15262255,-1.0721136,0.07039395,0.092117295,0.42555717,0.30576956,-0.17141704,-0.58591574,0.22540551,0.038124844,-0.056862213,-0.11397835,-0.2594291,0.008180901,-0.31597307,-0.21126592,-0.24009822,0.256304,-0.19178353,0.30873618,0.20909208,0.56596625,0.3139773,-0.12519966,0.16487372,-0.15609013,0.18015999,-0.20109332,0.88989437,-0.31132323,-0.6417688,0.28997266,0.026485842,-0.5444767,0.1020987,-0.33529797,0.048203234,-0.2247881,0.44016442,-0.39080584,0.22653446,-0.25722864,0.41219726,-0.1379878,0.21649861,0.091435365,-0.0028931124,-0.16610205,0.0988798,0.07956864,0.08020492,0.0677627,0.16662768,-0.3666195,-0.40744394,-0.13839854,-0.22452384,0.21515678,0.035217512,0.21309453,-0.37051162,0.34365776,0.11018266,0.2365726,-0.0021867407,-0.20274158,-0.0052532293,-0.0057947603,-0.43516013,-0.36114576,0.5508586,-0.4830404,-0.37032223,-0.09728957,0.12184381,-0.10253323,0.11673587,-0.13328022,0.30758682,-0.4358542,0.14429994,-0.26101103,-0.20664585,0.0891342,0.13287772,0.09772583,-0.018601915,-0.44905108,-0.0571443,-0.040997826,-0.30685404,-0.5033819,-0.44945177,-0.11454525,0.11832306,0.2660466,-0.0058678924,0.2300605,-0.46671358,-0.14585066,0.16270861,0.017583014,0.09853853,-0.13951115,0.1995694,-0.24804972,0.2286567,0.0016993528,0.327747,0.010646009,-0.73508203,-0.06423437,0.28438824,-0.04407541,0.28150216,-0.3071916,-0.2921034,0.5803105,0.074285395,0.18345861,0.18449874,0.23332304,0.15064405,-0.11917852,0.33909908,0.31228212,-0.008265436,0.15219955,0.038721595,0.22075264,0.08113088,-0.15613896,0.22832175,-0.011273544,-0.06791577,0.19567037,-0.14846127,0.015366657,-0.026490584,0.11065263,-0.121156245,-0.248519,0.31654888,0.10653894,-0.025318509,0.19895725,-0.16760181,-0.09723601,0.11292661,0.06347064,0.03864788,-0.19630378,-0.011440919,0.13991149,-0.53506,0.050407328,-0.15164989,0.16963182,-0.1586469,-0.09362626,0.47707826,-0.09853113,-0.35463396,-0.02868586,0.39097878,0.22369516,-0.030566739,-0.121702716,0.10845939,-0.13730614,-0.1899217,-0.17093684,0.19367619,0.23867048,-0.4121758,0.33737832,-0.30180106,0.17251216,0.23361982,0.123828776,0.11749349,-0.046626147,0.14549449,-0.066106774,0.05641509,-0.066466995,-0.061157927,0.6113916,-0.27446884,-0.38181096,-0.64150834,-0.26105115,0.12425572,-0.013683925,0.17149238,-0.28279868,0.7108176,0.14914659,0.17267658,-0.004617199,0.36914927,0.07996863,0.22328109,0.018710254,-0.26467636,-0.09869552,0.18426105,0.3148376,-0.068012066,0.025495164,0.20751221,-0.28419986,0.19315891,-0.26386106,-0.36057407,-0.045920037,-0.5570579,0.441978,-0.31893435,-0.21230474,0.0069085825,0.1150184,-0.02292324,-0.267132,0.26632035,0.19748165,0.5230177,-0.031557873,-0.29910064,-0.656384,0.43427947,-0.09571247,0.117458455,-0.20504285,-0.3126965,0.13899648,-0.4595127,0.12933041,0.2062579,-0.09762458,-0.102167144,0.06903633,0.2738681,0.59804785,0.048198696,0.50004315,-0.1986438,0.07199457,-0.12017531,0.17917433,-0.26940417,0.04713251,0.07997338,0.3988605,0.050732125,-0.24337043,0.26028568,0.64276445,0.16559185,-0.197514,0.3192627,-0.06727757,-0.031856056,-0.07783521,0.10739743,0.046740845,0.22208212,-0.0329152,0.08964569,-0.21808489,-0.08867297,0.21103728,0.106927104,-0.05619901,-0.07262194,-0.41092196,0.09478617,-0.3250792,-0.05281193,-0.10057525,0.09193507,-0.23507133,-0.034209345,-0.028649898,0.30184418,-0.17224169,-0.28537574,0.078043066,0.042878013,-0.19754663,0.01938634,0.020314366,0.43697706,-0.16691376,0.31476167,0.19729398,-0.017743988,-0.2250905,0.26974562,0.13360186,0.16651647,0.43827835,0.081694596,-0.4238924,-0.02511408,-0.28327388,0.26132685,-0.37094253,-0.2124581,0.12978157,-0.14401393,0.058907382,-0.26035893,0.65597504,0.2687202,0.0027949966,-0.45758682,0.55284303,0.13967909,0.21551377,0.18852103,0.020106664,0.054723527,-0.041803863,0.1950808,-0.056577254,-0.44919232,-0.09702049,0.06538461,0.4682882,0.26599592,-0.25997928,0.19864796,-0.36994636,-0.37565422,0.3760443,-0.14550164,0.2659134,0.20971961,0.126941,-0.18342987,0.28709996,-0.06540673,-0.2178329,0.0615734,-0.6311686,-0.14451903,-0.29520777,-0.30529013,-0.110565014,0.07326812,0.10966783,-0.21133465,0.2763415,-0.10363653,0.15633743,0.5764735,0.18468046,-0.38066605,-0.10901161,0.26201296,0.21670246,-0.30843472,-0.086098075,0.16531557,-0.6991479,-0.9177548,-0.10866752,0.25818768,0.01254612,-0.24900052,0.22796844,-0.025863454,-0.17436223,0.0068504796,-0.14190374,-0.13225225,-0.10218089,0.19144441,0.20843849,-0.06231444,-0.078649744,-0.48429167,-0.080242194,0.31575352,0.15952824,-0.3062515,-0.6477614,0.070400566,-0.2101569,0.26684064,0.3287841,0.06521592,0.39567065,-0.26764673,0.13236386,-0.41123483,0.009118579,0.11903146,0.4137048,-0.36302692,-0.2404112,0.9375551,-0.091449864,-0.79755056,0.06074605,-0.12340432,0.20820856,0.013377726,-0.012435543,-0.29630733,0.21750551,0.40237075,0.28722134,0.34681886,0.25392294,0.178192,0.46087903,0.08253418,0.42831466,-0.19218206,0.0952822,0.07276914,-0.11140987,0.27719793,-0.32191378,0.2028757,0.13089982,-0.29594848,0.093236014,-0.04314228,-0.14052372,0.539633,0.3711014,-0.18142945,-0.638596,-0.077415675,0.01658578,0.14361562,0.22477874,-0.4347934,0.37999618,0.08032829,-0.2433126,-0.26112744,0.033975698,0.062715895,-0.04979913,-0.21458831,-0.13541561,-0.020717582,-0.20378467,-0.17683153,-0.5725787,-0.4464441,-0.17060393,0.19460675,-0.011189887,0.098307826,0.5571528,-0.41580537,-0.79343915,0.11937416,-0.69906324,0.33243448,0.22560783,0.050584983,-0.102421366,0.25093487,0.34756857,0.023430899,-0.110506505,-0.116876684,-0.35484293,0.07963464,-0.20747755,-0.046123974,0.4449592,0.09412911,0.014889026,-0.222566,0.14687638,-0.2267487,-0.4557308,0.09520062,-0.20179483,-0.23240809,0.18806794,-0.59958667,0.100702636,-0.052718382,0.0895745,-0.14827129,0.20074172,-0.08096985,-0.34770387,-0.29837906,0.41398144,-0.25975052,-0.078021064,-0.20220508,-0.18472709,-0.20413874,-0.31073874,-0.23008777,0.2688842,0.18416683,0.20278549,0.0648585,0.2237342,-0.22588404,-0.11182632,-0.4531061,-0.009667015,-0.48763144,-0.0077918884,-0.33796483,-0.19271366,-0.2946615,0.051254906,0.33641437,-0.43201104,0.008026461,-0.24180706,0.326039,0.12302693,0.25180486,0.02876296,-0.37230894,0.09223651,-0.21814397,-0.43820727,0.04742544,0.3662706,-0.24175516,0.21938992,0.20602094,-0.030351672,0.0748784,-0.2231531,-0.4576696,0.11857178,-0.20635214,0.042518895,-0.13659705,-0.072919026,-0.04500121,0.31410816,0.22632279,-0.084296435,0.18665883,-0.06480032,-0.3986176,0.17827813,0.26303083,-0.18900922,-0.19768411,0.046581432,-0.06746515,0.42187393,-0.08017747,-0.17761627,0.31200677,0.43757612,0.002773948,-0.07472763,0.15939686,-0.23873441,-0.18586628,-0.40904444,0.1987205,-0.3340887,-0.09501832,0.3600625,0.08159979,0.18595077,-0.07474586,0.59871477,-0.33502805,0.22587267,-0.14652216,0.03563112,0.11621029,-0.3330697,0.6567517,0.32348448,-0.05288329,0.09096142,-0.35401106,0.4937037,-0.117554426,-0.17720746,-0.14836423,0.078823455,-0.06936439,0.269192,-0.38030222,0.034976956,-0.15935032,-0.40732178,-0.021510182,-0.37507358,0.42159057,0.21386711,-0.42464358,-0.005699854,0.089660436,-0.036862254,0.07869175,-0.27394092,0.09166925,-0.15863249,0.20000176,-0.17196485,0.14227168,0.041989896,0.2731152,0.48708928,-0.4239346,-0.3893995,0.5594816,0.25126314,0.22899845,0.20860872,-0.36363888,0.49230707,0.13899791,0.15656473,0.18933596,0.022698866,0.021804428,0.32376167,-0.011162362,0.22802107,-0.107394025,0.10202002,-0.1731196,-0.16906899,-0.24961542,-0.47681123,0.06340635,0.03244827,-0.2484075,-0.15749949,-0.2007523,0.17066237,0.56714827,0.0722076,-0.12356964,-0.38593206,-0.105818786,-0.28928807,-0.6406764,0.17999919,0.18727438,-0.11176151,0.19111285,0.09414261,0.043993972,-0.61416954,0.00977584,-0.12810718,-0.10642618,0.43892246,0.029066216,-0.0971286,0.41240075,-0.11256693,-0.18365544,0.036022425,-0.056044526,-0.20468786,0.36948007,-0.85174483,0.040381633,-0.22570318,-0.02552881,-0.13743667,-0.3412558,-0.035799023,0.11262797,-0.22603041,0.07852135,0.3707974,-0.30847034,-0.13684437,-0.2099707,0.14208202,-0.00034447986,-0.34351933,0.022706484,-0.3803315,-0.042269804,-0.28238115,0.3316988,0.29576525,0.1466964,0.17877668,-0.1054201,0.10804448,0.11773042,-0.0027962497,0.31833297,-0.098485366,-0.036928937,-0.3410806,-0.33642215,-0.27662677,0.18611142,0.25099164,0.04810462,-0.25128758,-0.4002553,-0.07640502,0.18281889,0.4168016,0.43753123,-0.32263556,-0.45730287,-0.022697164,0.33364075,-0.26686016,0.21222252,0.34817317,-0.3360103,0.17010528,0.14953676,-0.33881006,0.24462152,0.6109313,0.17912267,-0.1381611,-0.1494574,-0.14250447,0.49422002,0.083846286,-0.1591748,0.06866416,-0.25988802,-0.04875082,-0.1278735,-0.022987673,0.1849327,-0.3476545,-0.035105947,-0.14987138,-0.25439548,-0.33676243,0.12112307,-0.033566754,0.38678265,-0.44771186,0.19680497,0.43953988,-0.36455795,0.31985557,-0.31516775,0.36029464,0.09752123,-0.22963923,-0.590173,-0.011375673,-0.22960731,-0.031148082,0.18566479,0.118898496,-0.06857749,0.075828776,0.110478595,0.31626412,0.53633493,0.2755752,0.3660592,0.0020237027,-0.017047765,0.2904571,-0.18587819,0.14269464,-0.23340738,0.42568505,-0.25961688,-0.22344452,-0.25954232,0.122223675,0.3863239,-0.08297543,0.102585435,-0.3008847,0.06969454,-0.5501595,-0.026777428,0.012307887,0.1907441,-0.10640113,0.5617296,-0.38522792,-0.3042064,0.23836316,0.05382525,-0.062406193,-0.1997425,0.44203785,-0.08348617,-0.281262,0.1699901,0.31604257,0.18907835,-0.007008546,-0.060192544,0.064098254,0.08454781,0.43561715,0.06273097,-0.24137665,0.14578545,-0.057908904,-0.009170827,0.11209901,0.28779334,-0.1640952,-0.16755205,0.06125379,0.54785055,0.13354269,0.3756913,-0.1095972,-0.04911961,0.36574447,0.10080492,-0.0860345,-0.1115589,-0.19173466,-0.6891258,0.2667284,-0.09596775,-0.21788403,0.039389756
5,0.14161777,0.41171092,0.27710083,-0.14301127,-0.16493504,-0.02632909,0.39949217,-0.055269066,-0.048996482,-0.07345543,0.06963587,0.14958024,-0.14553161,0.048383966,0.050841823,-0.09048256,0.029566616,-0.16073176,-0.021268308,-0.19557203,0.14422019,-0.024658998,-0.124797925,-0.029165525,0.42807162,-0.1140898,-0.279762,0.11810366,-0.5120982,0.2153793,-0.0439319,-0.025253978,0.23286551,0.27035204,0.14765888,-0.25313538,-0.41955066,0.38288045,-0.33021438,0.035247784,0.0029311962,0.27671343,-0.5377396,0.19176105,0.23056313,-0.12606272,0.09222052,0.16091451,0.422651,0.2702718,-0.20350163,0.050753564,0.09348203,-0.14242987,0.018948883,0.2975509,0.42072967,0.52491254,0.21017444,-0.22855537,0.0074202595,-0.12463188,0.39114848,-0.03488255,-0.29934707,0.2596258,0.304578,0.30907542,-0.171332,0.087374344,0.36185768,0.30800858,-0.04528275,0.14312977,0.24210346,0.3985728,0.30393413,0.47910982,-0.050822992,0.0040574693,0.26548073,0.19354214,-0.4805999,0.14124128,0.3009362,-0.3454905,0.18248224,0.16726841,0.13726467,-0.27076212,0.03441309,0.48853558,-0.10690824,0.36608827,0.1258328,-0.07185779,0.00645097,0.002336255,0.2413331,0.16003892,0.35557002,0.54271436,-0.73822623,0.40774497,-0.09646968,0.2638726,0.2727098,-0.6109023,0.65321606,-0.34269953,-0.33428624,0.2962679,0.25183526,-0.3274902,-0.27220497,-0.13836643,0.23303005,0.11876528,0.03060297,0.25846902,0.042490203,-0.11838252,-0.14431548,-0.06354252,0.029798107,0.6433071,-0.32303336,0.28923947,0.18339969,0.12605338,0.15232779,0.10770229,-0.12048945,-0.4442901,-0.19924839,0.24990939,0.10026073,0.47722742,-0.9302019,-0.47015065,-0.011374497,-0.00012683218,0.04879761,0.106460385,-0.33605516,0.18225424,0.11434771,-0.26339242,-0.27374855,-0.13224907,-0.08833831,-0.29719517,-0.14423034,0.021062257,-0.123350464,-0.2846234,0.22138368,-0.13677455,0.09054363,0.44187638,0.25678217,0.017120974,0.1020684,-0.33459434,0.39669895,0.53522426,-0.0075386004,-0.13518488,0.20681815,0.16233726,0.2288898,-0.088752806,-0.15337832,-0.43306372,0.41668114,-0.42942616,-0.106257044,0.028013704,-0.123572774,-0.09325169,0.38240087,-0.17245442,-0.17932215,-0.3546696,0.09380525,0.8159601,0.2525258,0.20816383,-1.0769444,0.019738518,0.09841328,0.34815732,0.21874283,-0.19729227,-0.8159247,0.21778849,0.03724272,-0.010924286,-0.1318793,-0.31127405,0.020574342,-0.26193127,-0.1494422,-0.2627729,0.26260963,-0.24247801,0.13342579,0.14141613,0.59255,0.31968683,-0.0675681,0.16276811,-0.1232068,0.166644,-0.18575783,0.8161233,-0.22569762,-0.66693157,0.36921492,0.026994696,-0.42701328,0.06739605,-0.3144932,0.04115823,-0.19639988,0.48591053,-0.35165912,0.23141034,-0.27658543,0.48972896,-0.18604104,0.19327222,0.115422964,0.070511185,-0.12240208,0.043942485,-0.0062708044,0.21225743,0.17357886,-0.008553022,-0.2982038,-0.2884178,-0.15066397,-0.31728807,0.18701677,0.05549416,0.22420631,-0.29086858,0.36339107,0.092861615,0.1013844,0.028505731,-0.13497557,-0.027251117,-0.0019641924,-0.3437102,-0.3920935,0.51596636,-0.46982744,-0.28753412,-0.07517449,0.11330433,-0.117629014,0.14514019,-0.020456903,0.38636371,-0.4441638,0.20129554,-0.199905,-0.24431573,-0.0021280285,0.1980723,0.1160792,-0.046899874,-0.37621635,-0.033377565,-0.09113135,-0.25766805,-0.63688666,-0.33230966,-0.1119381,0.20489638,0.3129458,0.03445101,0.21269503,-0.46622247,-0.1501784,0.20106737,-0.033179604,0.045350723,-0.085230865,0.28164107,-0.29905173,0.1969332,0.07108101,0.2939082,0.007447339,-0.7099649,-0.09270507,0.32098675,0.12803149,0.32173923,-0.3823137,-0.28099552,0.62548846,0.035621412,0.23843619,0.13683225,0.33573538,0.19922557,-0.057775747,0.22723798,0.23848556,0.009520387,0.13014138,0.054875024,0.20486516,0.06306072,-0.0717504,0.2763624,-0.06433245,-0.09059935,0.26872143,0.0070846733,0.10297872,-0.05812281,0.08690787,-0.17712486,-0.2552074,0.35486677,0.09682556,0.020014709,0.24901675,-0.24031751,-0.17798974,0.12781489,0.09361255,-0.036905576,-0.21212572,-0.039036978,0.15791379,-0.55576956,0.12915139,-0.22085342,0.21529125,-0.05281971,0.00612233,0.46995398,-0.2182091,-0.31904683,-0.03225166,0.43018314,0.26591685,-0.025564635,0.047258925,0.0837621,-0.13150947,-0.18442523,-0.23089898,0.19408308,0.38005114,-0.47874558,0.27914414,-0.19555424,0.06876287,0.23488367,0.10582948,0.084473856,0.03350822,0.20380744,0.026992856,-0.03415638,-0.07038307,0.020471156,0.6405008,-0.31744316,-0.48531774,-0.7411856,-0.20608231,0.1406579,0.06619173,0.14173529,-0.31357375,0.6854123,0.18167251,0.17685789,-0.08034683,0.440387,0.10660119,0.08580782,-0.05498693,-0.3210039,-0.14614356,0.32101825,0.29845634,0.050840933,0.07378134,0.13502347,-0.24671707,0.002260474,-0.28798592,-0.30929536,0.11006526,-0.59311414,0.48251572,-0.38073263,-0.17357093,-0.071389094,0.17886673,-0.09527984,-0.1820192,0.23549575,0.16803785,0.6613723,-0.11382945,-0.46651432,-0.54379755,0.2458108,-0.036625244,0.1555423,-0.281734,-0.28359973,0.18345563,-0.55898607,0.1357589,0.2136589,-0.14043258,-0.08393796,0.13149291,0.33473152,0.7347654,0.10328539,0.5034963,-0.24820392,0.11449316,-0.11776477,0.16937348,-0.19385739,-0.040260416,0.13310178,0.45533186,0.054436963,-0.314633,0.31440705,0.6902388,0.15829869,-0.2146224,0.31361926,-0.041328095,0.061047338,-0.12591517,0.09540094,0.102143936,0.22527325,-0.04120176,-0.0014902118,-0.21094853,-0.08692272,0.19668004,0.21121934,0.005138864,-0.087748505,-0.37455904,0.11655737,-0.37445232,0.05374659,-0.12974413,0.13411449,-0.12463892,0.020761728,0.006770741,0.3265092,-0.1934673,-0.40187863,0.048466105,0.010544362,-0.11484763,0.054266267,-0.062439017,0.47309968,-0.27605346,0.32708615,0.26371711,-0.14659831,-0.27119893,0.37503308,0.13039298,0.059143167,0.40472153,0.13544713,-0.40316254,-0.071664564,-0.3688313,0.17769223,-0.42480445,-0.1847625,0.058367033,-0.19160825,-0.0020138249,-0.30979052,0.59367466,0.34265798,0.054713145,-0.47079664,0.5291919,0.0772636,0.2503329,0.082269974,0.16266821,0.16983335,0.09756872,0.2084836,-0.1663184,-0.39660472,0.09879694,0.1517335,0.48146227,0.14890054,-0.21569052,0.20046292,-0.4383494,-0.37938663,0.3743979,-0.18228996,0.16201058,0.23005584,0.1792991,-0.13062328,0.3625816,-0.057558957,-0.23559555,0.0066050594,-0.7734578,-0.07435714,-0.29073554,-0.32750076,-0.088272214,0.0724369,0.086144686,-0.10919016,0.32734188,-0.24099047,0.17367907,0.56868106,0.16584468,-0.38190785,-0.13075097,0.27845716,0.1441639,-0.33615303,-0.05325055,0.18785414,-0.6179674,-0.96664137,-0.13148981,0.1325066,0.023435535,-0.2695506,0.22637726,-0.085488506,-0.23774582,-0.06860475,-0.03029302,-0.11261747,-0.080851205,0.18660082,0.27622166,-0.12210485,-0.046968695,-0.6202742,-0.25325558,0.35651124,0.2087874,-0.3602251,-0.68441904,0.052034903,-0.2340564,0.33598787,0.33561528,0.04561518,0.43722007,-0.2477623,0.19399223,-0.5030639,-0.10117408,0.06562931,0.4438603,-0.3376367,-0.15843533,0.96941984,0.050021134,-0.9825018,-0.058152758,-0.15326117,0.2542496,-0.0011068054,-0.10667701,-0.43183956,0.22079018,0.4588498,0.19417277,0.29373956,0.22853495,0.27651724,0.46922338,0.080367796,0.46004158,-0.30952403,0.088833876,-0.04459152,0.0104114,0.3192341,-0.39034632,0.24854533,0.16967288,-0.23512428,0.10416397,-0.060800597,-0.20933628,0.45503587,0.3545639,-0.14200321,-0.64970535,-0.021878486,-0.06246522,0.019017952,0.232407,-0.545519,0.33038956,0.06849583,-0.17209208,-0.23783626,0.13162586,0.12903789,-0.08841523,-0.2551132,-0.12148247,0.022337718,-0.22058062,-0.14751995,-0.52437514,-0.49003258,-0.24859862,0.18744181,-0.11779126,0.099726684,0.65095824,-0.4153576,-0.9443795,0.037074387,-0.78137,0.2851566,0.22386232,-0.022181967,-0.17948158,0.32318893,0.38776731,-0.052308932,-0.098710895,-0.09385352,-0.25119483,0.039680246,-0.2667654,0.0008942194,0.40220568,0.10250118,-0.033365313,-0.19423331,0.25690624,-0.3403841,-0.5343341,0.15627298,-0.20875034,-0.33582142,0.117886916,-0.5903816,0.10385895,0.048874363,0.061554287,-0.20955971,0.3261927,-0.21842644,-0.37045532,-0.31134936,0.3411735,-0.31728807,-0.069725744,-0.260876,-0.21078764,-0.28932294,-0.31924698,-0.3434742,0.24767679,0.17024744,0.16672595,0.15342884,0.16813591,-0.19256854,-0.21182631,-0.28017512,0.072003745,-0.37243676,0.026207456,-0.44173712,-0.3082552,-0.34897718,0.09303655,0.36729476,-0.3137227,0.06535214,-0.205097,0.29929742,0.051641267,0.26980537,0.07323232,-0.44162598,0.11266406,-0.23373957,-0.2335984,0.118514426,0.30021062,-0.30245265,0.26320958,0.23268309,0.02879116,0.070506774,-0.14829595,-0.49157637,0.045764286,-0.23125355,0.08353581,-0.06674279,0.009483895,-0.15026793,0.26950967,0.24984789,-0.13229398,0.18403375,-0.054135203,-0.42693835,0.23741552,0.229243,-0.22665955,-0.28269127,0.1748465,-0.16004686,0.47037753,-0.07326502,-0.02009373,0.29741755,0.5486822,-0.05717528,-0.07511447,0.090409234,-0.13886373,-0.2659868,-0.41242248,0.23527113,-0.3476898,-0.19113126,0.40039542,0.09867221,0.14312287,-0.18844496,0.6774272,-0.38802814,0.11168471,-0.17321017,0.10342344,0.07250181,-0.40578157,0.74066097,0.43891963,-0.0056557306,0.037807744,-0.21576439,0.38057762,-0.11997975,-0.1583612,-0.15849969,9.094322e-05,-0.06499088,0.15485902,-0.40111616,0.10847513,-0.11756936,-0.49114782,-0.18829566,-0.37717503,0.55025715,0.24594532,-0.53336525,0.19472073,0.04939496,0.03832181,0.13609025,-0.19561984,0.16713314,-0.2395286,0.13449311,-0.19372556,0.11814619,0.025514597,0.19129176,0.5037631,-0.49377733,-0.47434688,0.5447484,0.3314025,0.23376268,0.17046535,-0.28022078,0.47002748,0.13643762,0.09560408,0.16784845,-6.6747576e-05,0.12404292,0.306294,0.0019321492,0.22138298,-0.15139647,0.11261705,-0.036049068,-0.17038938,-0.26179472,-0.5054167,0.06466212,0.21139237,-0.25948557,-0.13786848,-0.23260695,0.087980375,0.61110944,-0.009854505,-0.018492779,-0.3837273,-0.099315986,-0.19618477,-0.7916706,0.16168436,0.19401664,-0.093641534,0.1240735,0.20497784,0.013642191,-0.6410708,-0.06956641,-0.017239986,-0.17341141,0.47081086,-0.03989009,-0.029952267,0.41852552,-0.108330496,-0.11649552,0.14187384,-0.12962069,-0.11667173,0.3140089,-0.83267546,-0.0042104325,-0.25377592,-0.05678335,-0.16648036,-0.42233175,0.0011243218,0.11352982,-0.23353773,0.08993502,0.4397544,-0.37520638,-0.03889408,-0.22117072,0.16231973,0.0049417852,-0.32413197,0.08771014,-0.43544695,-0.045443326,-0.27791646,0.36796558,0.32381693,0.17074466,0.18962447,-0.083286345,0.108375005,0.1784664,0.18204622,0.2783084,-0.018381916,0.030393774,-0.3074008,-0.23103286,-0.3200486,0.19219705,0.24295321,0.104025766,-0.34094578,-0.3281009,-0.113783844,0.2205556,0.449923,0.4755508,-0.3671812,-0.435097,-0.18249582,0.3619371,-0.26125756,0.14203615,0.33597282,-0.27198687,0.13969785,0.21484911,-0.32947388,0.30954546,0.6408,0.31096762,-0.11109882,-0.09094306,-0.097321436,0.4317519,0.16342662,-0.21189457,0.051922236,-0.25260797,-0.026559116,-0.03868569,0.03805087,0.19364488,-0.35216498,-0.03182432,-0.074519195,-0.4050292,-0.38864073,0.16702157,0.032447536,0.41201514,-0.4913094,0.21407706,0.37526482,-0.3493338,0.35933477,-0.21195929,0.3314227,0.019990504,-0.14473832,-0.5372114,0.02204106,-0.208745,-0.017873894,0.14315498,0.21841936,-0.060880285,-0.009283478,0.107521564,0.27328455,0.51667404,0.30677134,0.43752342,-0.06403096,0.08523394,0.24862853,-0.16766325,0.16692264,-0.23034663,0.44319722,-0.2665527,-0.33813766,-0.31887922,0.103695124,0.44553104,-0.071553156,0.16381788,-0.16578785,0.08892723,-0.40565464,-0.14181189,-0.0519888,0.26080084,-0.18967369,0.67144585,-0.36007342,-0.27819067,0.36790875,0.13494489,-0.07924594,-0.2682282,0.38549754,-0.029017322,-0.1887073,0.12332957,0.37328848,0.22100104,0.027261913,-0.20991156,0.077753566,0.08563476,0.4578954,0.024168022,-0.23494573,0.08682675,-0.033485882,0.0411222,0.1788017,0.36289516,-0.1233051,-0.2238675,0.1490796,0.5266574,0.073332936,0.4149497,-0.1579792,-0.13555363,0.44971386,0.04631318,-0.18599789,-0.12182362,-0.110559076,-0.736545,0.13594589,-0.06159674,-0.15614946,0.08819557
6,0.05932954,0.43442416,0.25018674,-0.12313422,-0.033183243,0.0058559855,0.3613378,-0.14742295,-0.17685597,-0.06830105,0.05944321,0.097768694,-0.039165553,0.16315089,0.15868382,-0.15602633,-0.19090818,-0.15827008,-0.08443435,-0.24296719,-0.015146386,-0.016834144,-0.07298529,-0.0022926822,0.50490093,-0.17076907,-0.02199839,0.042111523,-0.44790542,0.10509487,-0.08591778,-0.053212322,0.18301305,0.20910448,0.21244898,-0.16190937,-0.5291769,0.34092876,-0.4903102,0.0350217,-0.017653229,0.3349,-0.65888095,0.42717505,0.25450826,-0.13748114,0.03501926,0.31230906,0.51539755,0.21232367,-0.2410729,-0.015032979,0.101267695,-0.1745539,0.06564972,0.31672105,0.30108115,0.5666824,0.32504928,-0.12928072,-0.08490474,-0.11812974,0.31273243,-0.1021098,-0.18681428,0.19526185,0.10016639,0.43976146,-0.15701698,0.08376915,0.3494044,0.42173755,-0.040840566,0.26236045,0.23377217,0.2322585,0.314445,0.47361007,-0.02998039,0.089742444,0.3136054,0.124477856,-0.47853103,0.116362594,0.2888748,-0.214349,0.13111182,0.09452993,0.090276636,-0.2807282,0.027152436,0.5274133,0.02054919,0.49075425,0.11027055,-0.011032832,0.05662581,-0.07952416,0.23484914,0.15735403,0.4662041,0.43480104,-0.6542368,0.39065105,-0.017221836,0.2756066,0.21311925,-0.594512,0.65336126,-0.38650972,-0.5577376,0.27378342,0.25041962,-0.34503657,-0.27460575,-0.15429197,0.12189277,0.11101005,0.29084656,0.22829351,-0.066062726,-0.17248906,-0.26784053,0.058662463,0.03982373,0.6098513,-0.23063672,0.35415825,0.27842247,0.31261957,0.17312294,0.14919353,-0.110323355,-0.56923306,-0.3015951,0.26204002,0.11950481,0.39233005,-0.9229427,-0.4051032,0.055381685,-0.0017039785,0.0571923,0.07273424,-0.20311025,0.08716137,0.16384843,-0.20390746,-0.14303966,-0.07148857,-0.13103582,-0.20453693,-0.19972895,0.01123364,-0.12694505,-0.28019115,0.26472226,-0.22602259,0.2111752,0.29422253,0.2693617,-0.05113982,0.2650855,-0.41648412,0.33941507,0.49766058,0.019631526,-0.045037568,0.30758747,0.16190347,0.09399067,-0.17718117,-0.08916133,-0.46321195,0.48517755,-0.5293558,-0.1006227,0.10620989,-0.05732936,-0.08855567,0.39364067,-0.09523258,-0.057130117,-0.40919954,-0.007920295,0.70407224,0.3601957,0.26675788,-1.0257882,0.056134224,0.08643311,0.49141094,0.35814,-0.22325078,-0.41658977,0.2094334,0.076630965,-0.043427236,-0.07490449,-0.32750612,0.006785922,-0.290753,-0.20075735,-0.22738604,0.23664309,-0.25647727,0.3467445,0.19111043,0.49308407,0.33846995,-0.15165918,0.21197736,-0.10217907,0.251967,-0.19736569,0.8520666,-0.28119728,-0.5873506,0.3054618,0.035697196,-0.61389595,0.09169557,-0.40752533,0.05701679,-0.20164046,0.46732306,-0.47974288,0.23405002,-0.22287048,0.30446547,-0.1085404,0.18202148,0.011826216,0.045531478,-0.15760212,0.13321485,0.085319646,0.089718856,0.10986928,0.20193867,-0.37388822,-0.44419622,-0.22603798,-0.27587426,0.1371681,-0.03760006,0.22211713,-0.3106923,0.2924853,0.03149458,0.14126728,0.0716395,-0.2726657,0.019768666,-0.07374872,-0.49613905,-0.36111194,0.52837884,-0.4591506,-0.38523814,-0.14286774,0.11559924,-0.11621382,0.07330355,-0.033589453,0.31250575,-0.40671375,0.15798025,-0.2223112,-0.2480053,0.090951495,0.10737395,0.047715127,-0.025052149,-0.52244616,-0.03703167,-0.046308976,-0.41936642,-0.54740065,-0.40684292,-0.09610964,0.052699197,0.32227507,-0.008450023,0.20229901,-0.41130877,-0.07970318,0.113509856,0.07065628,0.069002405,-0.07841592,0.16454756,-0.23212303,0.25216347,0.025257912,0.2808271,-0.058734827,-0.7273735,-0.10862381,0.3438665,-0.0958543,0.31006983,-0.36358425,-0.2644089,0.58376634,0.085372895,0.28686258,0.20671353,0.18511754,0.18054304,-0.106510505,0.35386515,0.29173976,0.00833064,0.132226,0.03358146,0.25326625,0.007495063,-0.08009098,0.19059724,-0.0325156,-0.15053599,0.2539155,-0.20549141,0.025821347,-0.07958427,0.1620126,-0.17172222,-0.22289675,0.26424286,0.1338196,-0.016946077,0.16491108,-0.16619541,-0.09794295,0.06561472,0.08868553,0.05106172,-0.18016027,0.041410234,0.13795207,-0.48890722,-0.0051079993,-0.17304997,0.093604796,-0.1777639,-0.105931625,0.49116874,-0.07765737,-0.32865006,-0.051829074,0.45452878,0.17357056,-0.06859855,-0.16182184,0.08865585,-0.20877431,-0.14143264,-0.1663405,0.15687479,0.2568459,-0.40033597,0.33499143,-0.3228607,0.21481211,0.16700853,0.093405165,0.012837394,-0.1263163,0.12223462,-0.09437216,0.039161842,-0.112766266,-0.055534367,0.53599614,-0.30950508,-0.36421043,-0.6276225,-0.24640211,0.14456345,-0.076699756,0.18928854,-0.2473828,0.64536107,0.16909102,0.12045352,0.014122514,0.39480665,0.054661084,0.19656754,0.10524286,-0.20174266,-0.11540049,0.1121969,0.32027406,-0.11669922,-0.057761636,0.27732956,-0.22866623,0.21858531,-0.31818393,-0.29764813,0.0075253537,-0.53183734,0.37846914,-0.2801581,-0.23637961,0.034144174,0.14073162,-0.08975708,-0.28642508,0.22823176,0.18477413,0.46099445,0.017158935,-0.21223485,-0.6577889,0.45285726,-0.16829754,0.18932937,-0.13610184,-0.38104865,0.20509051,-0.4240386,0.09316059,0.20970172,-0.028265748,-0.07851896,0.06286328,0.25103536,0.5932008,0.096873134,0.5243934,-0.1602017,0.09659525,-0.11973774,0.121964484,-0.35313597,0.13053542,0.063138366,0.45117733,0.010060761,-0.16253728,0.36253244,0.67396945,0.14029999,-0.22558567,0.32803684,-0.068219684,-0.16431576,-0.051015418,0.19163747,0.012233781,0.26879755,-0.024500929,0.0769545,-0.23328713,-0.09201968,0.2825422,0.11326441,-0.07213211,-0.009853756,-0.40331605,0.04013502,-0.24917373,-0.009915583,-0.14967175,0.17401974,-0.2322611,-0.03188421,-0.027234154,0.34705698,-0.17804632,-0.30805993,0.13213749,0.00060062704,-0.18894035,0.039641898,-0.064271845,0.39735323,-0.14594449,0.2900891,0.23162656,-0.038710736,-0.18373828,0.32911494,0.070784576,0.166082,0.43041795,0.057951774,-0.422801,0.06525422,-0.26366115,0.29536226,-0.29046324,-0.19628981,0.1538599,-0.05884726,0.15348785,-0.3139691,0.56496364,0.13038975,-0.020166885,-0.4458591,0.5629823,0.08504153,0.13978906,0.20521607,0.008121643,0.010850263,-0.06098074,0.17983961,-0.015194644,-0.476785,-0.029871715,0.044798102,0.39820465,0.29537013,-0.34774286,0.18578167,-0.3220596,-0.3960912,0.46616918,-0.16917944,0.26519,0.1793717,0.122167364,-0.23831126,0.27765185,0.015978783,-0.2048879,-0.024428638,-0.57131135,-0.15784563,-0.34566292,-0.35812786,-0.08127739,0.090363316,0.11426896,-0.23726588,0.21986157,-0.078783564,0.12736505,0.65418756,0.18453218,-0.47258547,-0.15504144,0.24180512,0.18869685,-0.3201642,-0.038643356,0.16202052,-0.70446575,-0.81193227,-0.10953595,0.25623542,0.09299991,-0.22771662,0.20613627,-0.0044298773,-0.18041469,-0.014587187,-0.08444911,-0.1164298,-0.11200664,0.17846158,0.2949826,-0.044975094,-0.1452111,-0.48868817,-0.09468441,0.4295542,0.19945605,-0.34113026,-0.7137691,0.051359005,-0.32203174,0.34006417,0.3448427,0.11506815,0.38963592,-0.236336,0.07294613,-0.3617831,0.058168113,0.09607868,0.37440172,-0.3021056,-0.22497006,0.8500508,-0.1000621,-0.55122834,0.062151328,-0.122354455,0.105357796,-0.026323924,-0.0060632457,-0.22793642,0.13044712,0.4039578,0.24351811,0.3962882,0.26134303,0.17715687,0.50061226,0.10866057,0.37687695,-0.1899163,0.14585415,0.10641788,-0.05395378,0.24991903,-0.3386678,0.23985615,0.09791857,-0.3060433,0.038404044,-0.03128936,-0.16818811,0.59534657,0.39266548,-0.21841872,-0.64591295,-0.05585797,-0.082427055,0.13127661,0.17812933,-0.45564663,0.35996693,-0.016170666,-0.20278433,-0.3003407,0.035094317,0.02971304,-0.013790964,-0.20067725,-0.10424867,-0.07448328,-0.12643708,-0.120210566,-0.6373546,-0.481674,-0.21665905,0.20489508,0.07627619,0.04695452,0.5782166,-0.42246398,-0.69620395,0.12814015,-0.64083034,0.21399565,0.25652924,0.043915413,-0.10376989,0.30500424,0.3095439,0.03528687,-0.060270045,-0.06914438,-0.43277848,0.08701103,-0.14399302,-0.09828226,0.42644024,0.043220457,0.038949147,-0.23095766,0.20303382,-0.21562004,-0.49420238,0.2022627,-0.20189169,-0.2010345,0.20718394,-0.5693545,0.09665556,-0.00040740918,0.07505699,-0.07616373,0.21585307,-0.13672414,-0.35697186,-0.30111033,0.49968988,-0.3382879,-0.07276612,-0.16279101,-0.13812385,-0.15803973,-0.32362434,-0.25758713,0.23053846,0.2522133,0.31663862,0.032751065,0.24989973,-0.16381048,-0.10308424,-0.4956503,-0.053421747,-0.4845564,-0.036421377,-0.30245334,-0.2116964,-0.25376907,0.08588824,0.30181676,-0.5275008,0.0032768198,-0.34514904,0.2845736,0.23382197,0.29315835,0.018112028,-0.31654567,0.029183187,-0.20413221,-0.43486536,0.006806006,0.40601686,-0.25617695,0.32808992,0.08352713,-0.04305627,0.12518221,-0.11366787,-0.352575,0.08820678,-0.17679922,0.0916949,-0.17906193,-0.0056833415,-0.020980911,0.2895207,0.1819389,-0.1084763,0.20796752,-0.080270424,-0.35701075,0.18409672,0.26848456,-0.1127095,-0.20252214,0.111223,-0.06520138,0.42447972,-0.1196053,-0.24440669,0.2220162,0.4075966,0.02977595,-0.039392307,0.18654475,-0.21812816,-0.149903,-0.45960662,0.19209813,-0.37015954,-0.05755669,0.31743455,0.044199903,0.149,-0.07846625,0.55677325,-0.38117746,0.2532678,-0.11411184,0.032754052,0.07162198,-0.30472913,0.5960491,0.3147237,-0.035041265,0.06925424,-0.36882624,0.4836159,-0.068016686,-0.068327926,-0.116342306,0.060253516,-0.11807864,0.26575914,-0.36932376,-0.05716294,-0.15405327,-0.4889039,-0.053322673,-0.35100853,0.48507187,0.26712483,-0.42530027,-0.02732129,0.15375903,-0.08613967,0.07510483,-0.35473126,0.082234286,-0.23223728,0.19185737,-0.12475007,0.14305456,0.09506952,0.21169583,0.5239355,-0.42999652,-0.3985158,0.57618964,0.26063684,0.31697202,0.16134362,-0.40643758,0.42419443,0.1466028,0.19444025,0.16206141,0.09625158,0.066829085,0.19902933,0.051433563,0.28251508,-0.039013077,0.14017515,-0.20069675,-0.13096522,-0.30044332,-0.4708476,0.041787058,0.03682232,-0.21930069,-0.22570877,-0.20962241,0.16441533,0.5968412,0.056958042,-0.08657619,-0.38913292,-0.10687817,-0.21404016,-0.5630312,0.22263984,0.14110571,-0.06355374,0.2204196,0.07481132,0.15560304,-0.6174277,-0.0061036996,-0.031231675,-0.15750274,0.3810627,0.08648382,-0.0251454,0.38632032,-0.10589735,-0.1859368,-0.02711143,-0.010129641,-0.26000237,0.5014868,-0.84360373,0.004731273,-0.26292777,-0.17277667,-0.15676343,-0.28508922,0.010578217,0.08474878,-0.21873,0.03333367,0.39275745,-0.32492733,-0.17481045,-0.20843126,0.09547844,-0.041104786,-0.32665476,-0.06155499,-0.44756258,0.07480242,-0.26148447,0.26381907,0.22711097,0.17461188,0.18540739,-0.10917001,0.1240103,0.12258387,-0.03192073,0.25698555,-0.18225676,-0.04858966,-0.31316203,-0.37313604,-0.21589686,0.15249336,0.25749683,0.15141526,-0.17837037,-0.37562045,-0.12519875,0.11975831,0.40349618,0.4602372,-0.332784,-0.49986595,0.040801577,0.35505593,-0.20695509,0.26349556,0.36206397,-0.38493842,0.27151752,0.11646662,-0.33533505,0.22877972,0.5916217,0.16086227,-0.12273053,-0.09068707,-0.15578702,0.45667994,0.045929,-0.15665422,0.05109784,-0.27537295,-0.07639683,-0.17860553,0.04893901,0.13555898,-0.27503347,-0.03941966,-0.15167214,-0.24316902,-0.2718961,0.05732221,-0.051966187,0.39888653,-0.49365985,0.22960822,0.4449565,-0.37015507,0.2716437,-0.35044262,0.2958916,0.20302223,-0.15342772,-0.5716016,-0.008187555,-0.25678968,-0.09243759,0.25938925,0.024582023,-0.034550678,0.14475283,0.15235199,0.3078501,0.48662445,0.33754507,0.39925826,0.018120376,0.0013374147,0.34462065,-0.21891838,0.16507344,-0.25646433,0.3751776,-0.1617007,-0.18776129,-0.24933752,0.047024976,0.40309832,-0.10698587,0.095971905,-0.31746823,-0.025849778,-0.5672432,-0.011403846,-0.047546644,0.18706681,-0.13460699,0.55627084,-0.41231215,-0.3383436,0.26120925,0.056679524,-0.04906328,-0.1846068,0.54395795,-0.044884175,-0.2745205,0.1365198,0.3081525,0.25267568,-0.028810864,-0.041538734,-0.041347038,0.26502573,0.37055367,0.1321467,-0.249109,0.09181639,-0.037280384,-0.061897114,0.12140224,0.32516512,-0.19775544,-0.09294996,-0.03974436,0.563614,0.10923865,0.3759625,-0.084145814,-0.11961719,0.3747312,0.07684194,-0.10894265,-0.05388993,-0.2412403,-0.74973536,0.29702333,-0.10196194,-0.2267333,0.023580195
7,0.09092817,0.43769422,0.23997957,-0.13413242,-0.014117399,0.088952586,0.33166665,-0.06248229,-0.17393145,-0.0852541,0.0625678,0.122800924,-0.07631731,0.09758756,0.12898976,-0.12306448,-0.11831122,-0.10064386,-0.014377621,-0.19507226,-0.0055723544,-0.098765425,0.01035924,-0.0157418,0.5122638,-0.18094902,-0.083812475,0.057508387,-0.47622105,0.13156907,-0.017704327,-0.09041895,0.14930145,0.18493527,0.16670717,-0.20111088,-0.47862646,0.39036825,-0.45125613,0.05843381,0.0106569,0.26950926,-0.5568239,0.35851642,0.2619349,-0.034158576,0.0774888,0.25746945,0.4119018,0.1690976,-0.20498262,-0.010068563,0.1602862,-0.18096294,0.085736044,0.32141417,0.2815117,0.4938875,0.3281565,-0.12147638,-0.10013518,-0.10216113,0.27047354,-0.006193448,-0.22992977,0.2788021,0.0687764,0.44775933,-0.2524568,0.11074838,0.38384578,0.42996436,-0.06316956,0.33794066,0.3248729,0.2857756,0.24621259,0.5223145,0.013302079,0.14959934,0.28808188,0.18837671,-0.43447182,0.09359298,0.25216445,-0.20703597,0.098983206,0.106142126,0.11342304,-0.27805442,0.06751919,0.44544747,-0.038164683,0.5100183,0.058430925,-0.025963098,0.062661074,-0.07360851,0.2261922,0.09553553,0.3785786,0.42906633,-0.6275538,0.39593762,-0.07288263,0.26699063,0.23705384,-0.5001225,0.632657,-0.3396815,-0.4525882,0.24824008,0.31364086,-0.37565696,-0.22610706,-0.2047195,0.065865,0.04857801,0.2395108,0.22872148,-0.03590841,-0.15248667,-0.16018753,-0.048259597,-0.0028869149,0.4565436,-0.288971,0.31320232,0.24887718,0.28375182,0.15870215,0.19469474,-0.16979547,-0.58249897,-0.27388412,0.2436091,0.04003772,0.3967482,-0.83610624,-0.43294543,0.013329987,0.040195324,0.015464207,0.11739347,-0.10991101,0.09013183,0.18799298,-0.08771502,-0.21187623,-0.041866254,-0.15550196,-0.18619749,-0.18143329,0.027206134,-0.15207614,-0.2573028,0.23165493,-0.22592081,0.14714415,0.27087784,0.3040685,-0.062036727,0.23481403,-0.37430823,0.33204412,0.55897754,-0.028421912,-0.022972645,0.29353288,0.18476065,0.07138627,-0.09924323,-0.007898856,-0.417673,0.42408764,-0.48604357,-0.054041337,-0.013916873,-0.03400478,-0.07571705,0.42216244,-0.056223873,-0.06719671,-0.42007506,0.08023174,0.6820424,0.26945424,0.21784575,-1.0063422,0.0726608,0.096051276,0.46072525,0.31832677,-0.19833378,-0.5773342,0.23104332,0.11645605,-0.08271808,-0.06244457,-0.25561282,-0.026109071,-0.24215025,-0.21096773,-0.15289904,0.25584084,-0.15611789,0.34815055,0.23522975,0.49650335,0.3624667,-0.13873833,0.104032956,-0.14403339,0.23323128,-0.13098693,0.8924072,-0.29604468,-0.6040639,0.23922114,-0.007701766,-0.5097042,0.09358317,-0.30804932,0.0733297,-0.20857018,0.42138758,-0.42771348,0.24355908,-0.21438463,0.3905596,-0.10554885,0.124788545,0.058490332,-0.008598916,-0.15346451,0.15233217,0.115647025,0.05805089,0.03531761,0.17282774,-0.3834385,-0.43780875,-0.21535939,-0.18551578,0.2157866,-0.013539589,0.22300355,-0.34998384,0.32499814,-0.0055103255,0.18062617,0.008108,-0.21907084,0.011731715,-0.009889286,-0.49015006,-0.319695,0.4040661,-0.44669753,-0.36974266,-0.11115206,0.15068099,-0.07162717,0.010558529,-0.05223182,0.2904607,-0.3416795,0.09389748,-0.2268491,-0.2326413,0.06767849,0.13924949,0.08681067,-0.012329383,-0.4922174,-0.0832225,-0.067627415,-0.35817552,-0.46602836,-0.39880767,-0.12098474,0.059613883,0.314877,0.03515725,0.18632948,-0.45217517,-0.14484222,0.1753175,0.053225894,0.12664051,-0.10260955,0.17543224,-0.20015436,0.18368325,0.043417882,0.24638188,0.005935494,-0.6859343,-0.06484187,0.30268708,-0.087318264,0.25781947,-0.2985215,-0.27638075,0.55607814,0.10156815,0.2631621,0.1621889,0.13632086,0.19230968,-0.09900572,0.34331846,0.30676308,0.020236088,0.12607162,0.013499246,0.20071486,0.028910927,-0.14327142,0.18026465,0.032601632,-0.13081247,0.21179968,-0.20601925,-0.032861453,-0.024229603,0.09685509,-0.17878851,-0.24855396,0.22149178,0.07928439,-0.0506083,0.14830492,-0.16338539,-0.120987065,0.072625265,0.09239044,0.012726473,-0.16429785,-0.0044774716,0.09757901,-0.54202855,0.09761873,-0.1539879,0.0890891,-0.1617888,-0.13764729,0.43567523,-0.047214527,-0.35331398,-0.124060765,0.37031275,0.17281629,-0.047250308,-0.09881924,0.048204847,-0.210312,-0.15001337,-0.19843242,0.16730264,0.20339179,-0.41327146,0.30973825,-0.28235957,0.128044,0.19254948,0.07176255,0.103020705,-0.07939207,0.123253316,-0.04740919,0.074111156,-0.0625371,-0.02606631,0.56575155,-0.29217085,-0.3718554,-0.639991,-0.18758948,0.13371588,-0.03137359,0.16764766,-0.25493932,0.61331856,0.12314088,0.12987846,-0.04526233,0.44815958,0.035629675,0.21097514,0.11155836,-0.19666429,-0.16239846,0.19298966,0.26508397,-0.10118271,-0.0047386903,0.299583,-0.23046911,0.18914942,-0.25239217,-0.29997504,-0.017094979,-0.49677232,0.36076936,-0.369085,-0.26274744,-0.009621641,0.17302299,-0.058345035,-0.37626332,0.274944,0.1796708,0.40507334,-0.03504689,-0.24954678,-0.59697276,0.39982098,-0.13813828,0.10515265,-0.043471415,-0.34386063,0.144738,-0.39931569,0.15203677,0.25674567,-0.071585864,-0.046802633,0.032577675,0.17072178,0.58981466,0.09265113,0.51359254,-0.1665279,-0.0043957615,-0.08885396,0.17168929,-0.30780572,0.15018575,0.11537784,0.35039324,0.05200248,-0.16989276,0.34067494,0.5644746,0.11343754,-0.18289383,0.25585422,-0.06963087,-0.07197294,-0.030546067,0.14102563,0.027724639,0.29165924,-0.042299844,0.12487252,-0.20167932,-0.057252698,0.21273796,0.11764172,-0.035499606,-0.047024436,-0.4312543,0.058768895,-0.26374125,0.019094333,-0.09658303,0.13778621,-0.22627501,0.017022127,0.023059102,0.23111373,-0.17156385,-0.24088405,0.12870383,0.05000443,-0.12104738,0.015714692,0.057267543,0.44469127,-0.1519544,0.288256,0.13648371,-0.017361047,-0.22125825,0.30699924,0.07190697,0.10285735,0.4416082,0.10659316,-0.34956005,0.11767336,-0.20264487,0.2473268,-0.32376742,-0.2291028,0.17029554,-0.12069785,0.1226893,-0.27170715,0.58031934,0.19019333,0.008956324,-0.49836624,0.5563772,0.2590804,0.16642196,0.23440325,0.02634231,-0.019305956,-0.079182886,0.16787562,0.037667923,-0.43380708,-0.1038334,0.044578925,0.4642147,0.3289549,-0.3218307,0.2656958,-0.3901409,-0.34235635,0.38619223,-0.16029881,0.25972155,0.2134016,0.085112646,-0.17916031,0.2580834,-0.06084785,-0.11081479,-0.052481677,-0.57947356,-0.20975347,-0.28643167,-0.34337324,-0.020598695,0.11288166,0.1328759,-0.24820893,0.30989033,-0.13921075,0.12792623,0.60125786,0.19351254,-0.39502874,-0.10492652,0.21895579,0.2282827,-0.33227122,-0.031620603,0.20141737,-0.6963503,-0.7950595,-0.095739685,0.27806708,0.043692105,-0.19329987,0.1605881,0.01392698,-0.19946533,-0.042001225,-0.11548317,-0.14566346,-0.08818537,0.07139077,0.18791947,-0.07390858,-0.15672727,-0.52502775,-0.078272514,0.23346315,0.13519925,-0.2584239,-0.6600174,0.07434871,-0.17782858,0.27769855,0.30851302,0.063297346,0.36934328,-0.3064969,0.10336075,-0.34943172,0.09709498,0.16661006,0.35149303,-0.31182313,-0.26521206,0.85709447,-0.1434152,-0.6505216,0.07585323,-0.15158121,0.06937892,0.0036773023,0.026463145,-0.2592863,0.1660386,0.3920088,0.19777203,0.3543701,0.20858844,0.16616407,0.42253172,0.16372381,0.35996112,-0.21882002,0.12151876,0.15332387,-0.17407405,0.23031506,-0.2506713,0.23989889,0.15635802,-0.2938956,0.09288702,-0.021701686,-0.15628211,0.5708737,0.36846724,-0.14735952,-0.61042404,-0.085254006,0.026182108,0.0957003,0.20681688,-0.4026891,0.33058622,-0.03983528,-0.1952977,-0.25153843,-0.00206266,0.069541484,-0.034817107,-0.1756544,-0.10503325,-0.02671466,-0.1485864,-0.12254079,-0.7030607,-0.40933248,-0.18940197,0.17419837,0.08421126,0.09859415,0.5189494,-0.27039286,-0.71767396,0.10324017,-0.63421607,0.29073235,0.3668856,0.053783793,-0.15605964,0.2606768,0.4085994,0.00793612,-0.024344876,-0.13324696,-0.4740928,0.11646914,-0.16417608,-0.0824408,0.44663844,-0.0033953772,0.04513215,-0.22519085,0.11590535,-0.20137088,-0.45522973,0.1399334,-0.2691089,-0.22354792,0.21342076,-0.55628765,0.1133278,-0.016605038,0.038994666,-0.12372088,0.24580677,-0.048122946,-0.35394487,-0.26109642,0.4451547,-0.2312957,-0.09082071,-0.13020878,-0.133648,-0.20463558,-0.34576273,-0.24966426,0.2061171,0.21693797,0.19058113,0.036653984,0.2025426,-0.23655024,-0.12662552,-0.48442033,-0.07909518,-0.5070183,-0.05914449,-0.26960066,-0.19267865,-0.28143463,0.034820493,0.28436607,-0.47572598,0.015440395,-0.29050568,0.27732334,0.18455252,0.2996087,0.029557778,-0.32464343,0.08917879,-0.20005849,-0.40235466,0.07372316,0.3003007,-0.24818538,0.26249552,0.19182691,-0.03322518,0.063648075,-0.14488281,-0.34373164,0.1648887,-0.11700216,0.050560992,-0.116714045,-0.04527903,-0.016584758,0.2371248,0.23700115,-0.12830982,0.10507858,-0.093531504,-0.3999663,0.07450969,0.20304208,-0.16047037,-0.1514226,0.100646034,-0.07692428,0.4276973,-0.12340205,-0.26845366,0.2722763,0.41123354,0.05406001,-0.0077069644,0.16890445,-0.22965778,-0.19051312,-0.45095223,0.23410109,-0.31876984,-0.02172506,0.31748465,0.05464134,0.14321503,-0.08906285,0.55721754,-0.35555074,0.14924026,-0.18540025,0.013162793,0.07591233,-0.2877516,0.5241636,0.23603985,0.021743337,0.12150026,-0.35806838,0.4983972,-0.15852551,-0.13109079,-0.12191867,0.15987101,-0.11192763,0.26258504,-0.37322024,-0.02425901,-0.15576129,-0.39718172,0.064629495,-0.33192143,0.48810703,0.15694535,-0.42081815,0.0068432502,0.1611228,-0.0030124534,0.06416697,-0.3673732,0.0889728,-0.16988204,0.18809745,-0.14704615,0.07853958,0.11770177,0.27731758,0.45891103,-0.38233936,-0.32954076,0.46197188,0.28412372,0.2799382,0.23243234,-0.37160447,0.44326368,0.15499984,0.17338504,0.15611981,-0.0007262451,0.03857214,0.264781,0.021039825,0.29850686,-0.05007131,0.056026082,-0.21842559,-0.1295168,-0.2759334,-0.39951202,0.07454978,0.023174014,-0.17623812,-0.15334365,-0.26231804,0.10124746,0.5103943,0.14031589,-0.10856193,-0.33327976,-0.15485743,-0.27240765,-0.60410994,0.19297652,0.203975,-0.09141931,0.24771123,0.08336253,0.08185933,-0.6079622,0.030537423,-0.034135245,-0.13821024,0.3863434,0.012527242,-0.09927446,0.37817806,-0.09231505,-0.21514079,0.02888059,-0.07316442,-0.28077847,0.3967447,-0.7969513,0.0044444734,-0.3007242,-0.06132903,-0.1133764,-0.22795396,0.015576351,0.08887961,-0.26937112,0.023634443,0.37759373,-0.22939785,-0.07529094,-0.18515106,0.13969558,0.062147733,-0.3662071,-0.08976654,-0.44122908,-0.07272687,-0.3112068,0.24883771,0.21114895,0.091156244,0.1693148,-0.12215114,0.071427,0.13377586,0.086063154,0.29970366,-0.15118894,-0.04560378,-0.29158583,-0.36456376,-0.22321843,0.08987575,0.22302032,0.15529941,-0.2515237,-0.3981873,-0.07769327,0.15551297,0.3892964,0.40667292,-0.3028962,-0.41762656,0.06634438,0.36900175,-0.15344837,0.26472965,0.31769872,-0.34331724,0.23155144,0.086037375,-0.2445986,0.23297381,0.5619618,0.123272315,-0.13970968,-0.11946584,-0.17453827,0.43977684,0.08859637,-0.15432239,0.08507739,-0.20521925,-0.12535797,-0.13408397,-0.029476704,0.1841565,-0.29605946,-0.023555065,-0.17529236,-0.22274892,-0.2455775,0.064634494,-0.042805567,0.37774274,-0.4549711,0.19795054,0.41051418,-0.35595372,0.26933047,-0.35201177,0.3306337,0.15965922,-0.19118991,-0.60275394,-0.04938639,-0.21687049,-0.055678185,0.18254824,0.06453269,-0.076052025,0.07317869,0.111355275,0.3056316,0.503551,0.21285969,0.35084683,-0.0019813438,0.006850906,0.263853,-0.1583483,0.19054262,-0.20617019,0.40666175,-0.1447898,-0.19558258,-0.2369457,0.1368339,0.3653306,-0.05906808,0.0606071,-0.33418658,0.10749867,-0.52098,-0.016424462,-0.07156679,0.16847813,-0.09881225,0.61224025,-0.3753924,-0.30546814,0.19704193,-0.008301529,0.0071311253,-0.15018044,0.37852326,-0.08930144,-0.19911358,0.17928559,0.24206583,0.21396661,0.02652225,-0.075010926,0.014567002,0.14945088,0.4058837,0.076889105,-0.21597254,0.10135178,-0.0026089186,-0.005978045,0.11289168,0.28779292,-0.21293893,-0.1614095,0.010626861,0.5154279,0.14950016,0.38710263,-0.09624857,-0.09354147,0.40743828,0.07699894,-0.08289189,-0.086982526,-0.24941985,-0.71371686,0.29556337,-0.11884718,-0.25088322,0.061084427
8,0.1337903,0.3056354,0.23724097,-0.077688664,-0.1806646,-0.0025928824,0.4083326,-0.04866034,-0.04545811,-0.070539676,0.09473635,0.1498069,-0.13924095,0.024281021,0.06821939,-0.17708328,-0.13247004,-0.19685613,0.019727502,-0.3276496,0.13265717,-0.055095963,-0.118610784,-0.08944031,0.49529332,-0.20925573,-0.2009789,0.0016015492,-0.5349555,0.12535152,-0.042819608,-0.03360916,0.14219767,0.27143648,0.1801009,-0.2327145,-0.47105235,0.3986817,-0.39063123,0.023914713,0.019700745,0.25628206,-0.6311893,0.30770758,0.28819007,-0.13896671,0.027650729,0.2661986,0.5229185,0.22338678,-0.24365537,-0.048334874,0.12169439,-0.15655607,0.066861406,0.30744264,0.4569704,0.66019547,0.3347395,-0.15968569,0.027669648,-0.19714998,0.36347023,-0.18931596,-0.37418622,0.21323101,0.14784354,0.3819161,-0.16632201,0.092670344,0.39527047,0.53147924,-0.05349898,0.3094819,0.37673157,0.28334135,0.30843168,0.53486705,0.0070479494,0.09053983,0.43819386,0.112047635,-0.45678163,0.15274855,0.26112896,-0.40925577,0.09943151,0.12987264,0.2199524,-0.3142097,0.081775144,0.55968094,0.0027359545,0.47253948,0.16858602,-0.09449033,-0.0140750175,-0.0091995355,0.1496726,0.08999893,0.36506763,0.45804963,-0.76372385,0.47061905,-0.07667532,0.2002495,0.2962136,-0.6563997,0.7309539,-0.37956476,-0.41377982,0.27045557,0.34711578,-0.40654898,-0.30549693,-0.15113373,0.1350114,0.034268778,0.17871979,0.25982574,-0.044424642,-0.17298119,-0.21692842,0.05870778,0.09547876,0.670074,-0.31954908,0.23331012,0.3149468,0.24874473,0.18801565,0.087941766,-0.18206657,-0.55233634,-0.301096,0.21613006,0.10453935,0.45344722,-0.9676495,-0.48005486,0.009663272,0.106492385,0.10283356,0.1466189,-0.26066002,0.27422315,0.1273547,-0.22120582,-0.22875342,-0.04550182,-0.14490446,-0.25511765,-0.13078608,0.047496464,-0.1032984,-0.28165546,0.20376185,-0.21893822,0.093358,0.33617222,0.24809125,-0.0130407745,0.18288438,-0.21284997,0.34686142,0.4738956,0.019546237,-0.10339438,0.27863303,0.24236287,0.22885272,-0.3132674,-0.1430887,-0.41975483,0.51379806,-0.49340773,-0.110753275,0.014299935,-0.022582177,-0.16111575,0.42625514,-0.07672424,-0.1189518,-0.5283443,0.10946838,0.78956,0.28721157,0.23084779,-1.0633544,0.052524235,0.029801084,0.40288684,0.33873847,-0.19957072,-0.8116834,0.3031626,0.18614762,0.010129694,-0.08731253,-0.36335924,0.0323242,-0.3110423,-0.164067,-0.30914387,0.27833873,-0.23999564,0.30120265,0.14179817,0.5968077,0.4324523,-0.07589719,0.19393209,-0.1165022,0.26668268,-0.15189214,0.91531295,-0.26766598,-0.5739872,0.45387957,0.09857941,-0.48846057,0.048859615,-0.38110155,0.069739975,-0.263065,0.45870855,-0.39338967,0.28914422,-0.2526739,0.38162577,-0.10393072,0.16635086,0.080899395,0.048105385,-0.10835929,0.06423081,-0.07215507,0.11598803,0.067034386,0.101208,-0.47986636,-0.44532233,-0.17407425,-0.3289842,0.18372324,0.0013898759,0.19501796,-0.33842948,0.42061183,0.073815115,0.03818326,-0.040123176,-0.18815687,-0.020941053,0.01857843,-0.31748354,-0.36208072,0.47024313,-0.44412732,-0.3275376,-0.21505515,0.09430595,-0.04445278,0.14413108,-0.053214334,0.459799,-0.4476112,0.17609708,-0.23972388,-0.28365564,-0.036272846,0.13190363,0.13696425,-0.012024379,-0.41566953,-0.016681492,-0.07953991,-0.34738985,-0.5863482,-0.37177712,-0.06608123,0.11638706,0.33107013,-0.004835449,0.23734567,-0.45640627,-0.061583128,0.20588951,-0.04727591,0.22531758,-0.14670028,0.3174962,-0.2156107,0.17072025,-0.04549365,0.3448027,-0.010289727,-0.7252309,-0.0035696437,0.44659323,-0.030259207,0.290649,-0.3535938,-0.28699845,0.63974184,0.10031127,0.21411702,0.16145714,0.27011374,0.23136362,-0.10703354,0.23879556,0.38323665,0.050873447,0.20320752,-0.045887444,0.21393135,0.15904664,-0.020801703,0.25290486,-0.03209095,-0.22751586,0.25778204,-0.13111714,-0.011634785,-0.06749263,0.113583475,-0.24807303,-0.1765165,0.26058277,0.10683299,-0.021781942,0.24719238,-0.18881746,-0.24384972,0.19521567,0.15008344,-0.07933622,-0.21658324,0.08401863,0.109353706,-0.50187206,0.028292935,-0.23384087,0.15556672,-0.103857435,-0.03287124,0.45672747,-0.13606668,-0.27706447,-0.10119326,0.5179443,0.3568632,0.0067159226,0.08143389,0.0879049,-0.06849629,-0.1617278,-0.2002293,0.13313912,0.3397454,-0.44053584,0.22701031,-0.24844585,0.08989567,0.21606758,0.084335186,0.0068546482,-0.1290121,0.2590132,0.032859687,0.057670984,-0.06234902,0.009168461,0.5742917,-0.3240885,-0.37417087,-0.78803355,-0.21167971,0.11086837,-0.064572275,0.21931039,-0.2464793,0.6583348,0.11647269,0.2605814,-0.15098928,0.43320534,0.077724546,0.24180713,-0.021177366,-0.37260997,-0.08548499,0.24368678,0.42957744,-0.15304354,0.10479785,0.151629,-0.26095042,0.13400574,-0.277145,-0.38278687,0.048655137,-0.61507726,0.42001167,-0.36120257,-0.17829525,-0.10556192,0.23979461,-0.17756091,-0.29743782,0.29255036,0.18096256,0.5446772,-0.010831431,-0.30099693,-0.77595824,0.3931238,-0.026174089,0.13721839,-0.20206769,-0.35578352,0.08895075,-0.48982668,0.022146702,0.20502643,-0.06567367,0.011162286,0.038431253,0.29259866,0.71166056,-0.028259074,0.52209187,-0.1801178,0.06584365,-0.2616234,0.23094967,-0.2973099,-0.004476175,0.03590726,0.44426066,0.022971597,-0.23854609,0.33290502,0.6247209,0.1785002,-0.2961925,0.31383196,-0.0012946868,0.024756853,-0.04484081,0.09351875,0.08246256,0.21623367,-0.07034596,0.020859087,-0.25353438,-0.04810797,0.3017524,0.1149366,-0.04686625,-0.09532326,-0.47439972,0.12912773,-0.40061685,-0.041457344,-0.15965782,0.115299486,-0.22945274,-0.03943798,-0.03953656,0.30864254,-0.14824459,-0.3756573,0.095037,-0.029215887,-0.22567019,-0.0128078405,-0.04735221,0.53238904,-0.2101281,0.2918546,0.22213173,-0.08554666,-0.2705961,0.3826751,0.1083449,0.118277155,0.47944206,0.079255305,-0.49587083,0.0315351,-0.33338028,0.25079662,-0.41711602,-0.11370204,-0.020196028,-0.045165155,-0.16105972,-0.33734113,0.6821084,0.24363919,0.004797298,-0.4874702,0.54114693,0.17471594,0.20844954,0.12867786,0.10766884,-0.033549186,0.035170004,0.18889047,-0.05098466,-0.40087408,-0.00636133,0.15192614,0.4780065,0.34196675,-0.35224155,0.086557664,-0.47645086,-0.39943916,0.3822256,-0.1699943,0.23506789,0.1809536,0.27242622,-0.25738513,0.33081007,-0.013894055,-0.29355836,0.018507656,-0.6323377,-0.17388254,-0.34883,-0.27619696,-0.13911994,0.1293293,-0.001270257,-0.14981633,0.25454488,-0.21842812,0.19758232,0.6365458,0.30928037,-0.47982302,-0.10014578,0.2954537,0.24570283,-0.3526337,-0.012398239,0.16413921,-0.68858576,-0.9628622,-0.14524384,0.20641369,0.074499704,-0.2236832,0.30453783,0.0041414984,-0.17513017,-0.029129717,-0.1939163,-0.11083369,-0.086981244,0.22651891,0.2546491,-0.102639794,-0.13337934,-0.53700125,-0.2169954,0.3521622,0.16683266,-0.26412207,-0.6687677,0.011856859,-0.2974097,0.27692893,0.2935768,0.020231228,0.39201933,-0.24888062,0.100424014,-0.45505726,0.06559531,0.1672918,0.4657373,-0.4096165,-0.24761108,0.9354307,-0.09037752,-0.793172,0.0040542963,-0.17890716,0.16850828,-7.889082e-05,-0.08311537,-0.30724007,0.30856293,0.3099176,0.17995302,0.34477276,0.342234,0.3280743,0.63011086,0.038135767,0.40381896,-0.31690684,0.1797645,-0.030271864,-0.07746067,0.25432563,-0.37454858,0.28353012,0.17229088,-0.22789435,0.058721453,0.029683527,-0.05586949,0.39825907,0.2903664,-0.12174913,-0.72085124,0.030695137,0.10429934,0.11974548,0.21376634,-0.5444934,0.33147708,-0.02709351,-0.26839086,-0.2388447,0.08465378,0.13216898,-0.009257696,-0.28124633,-0.08362136,-0.054671347,-0.072003536,-0.17586263,-0.5980894,-0.40670374,-0.15864928,0.18425615,-0.052421782,0.094031975,0.6957286,-0.30708534,-0.8950156,0.2421026,-0.672425,0.32137218,0.29941308,0.057505,-0.15254188,0.27019975,0.3299835,0.0915722,-0.04563404,-0.15302627,-0.5104384,0.022095665,-0.26995236,-0.074606426,0.39821362,0.14837721,-0.04104114,-0.19700085,0.21817635,-0.22453201,-0.53559506,0.072171554,-0.20704956,-0.19483452,0.23085736,-0.5941017,0.081891134,0.027600648,0.07324417,-0.24018948,0.2558105,-0.18113944,-0.33445096,-0.32718727,0.4247417,-0.37858775,-0.048682686,-0.2267608,-0.2820273,-0.19563654,-0.35180107,-0.2758057,0.20031147,0.17966174,0.16266531,-0.05021461,0.20603386,-0.2849657,-0.15016071,-0.49829227,0.0257028,-0.5040587,-0.013972421,-0.36070508,-0.26539105,-0.27276206,0.16019854,0.35209593,-0.4993439,-0.060249247,-0.37158397,0.28401875,0.13756274,0.2973802,0.052169383,-0.38490853,0.23853432,-0.2632954,-0.3942392,0.06639192,0.30541718,-0.3472904,0.17953996,0.18912342,0.03107758,0.14767219,-0.16084115,-0.46076757,0.07222564,-0.20694533,0.14089586,-0.12908173,0.024357202,-0.15696941,0.28566498,0.24431264,-0.11464458,0.20735757,-0.12059434,-0.5144419,0.14029142,0.35324582,-0.16299635,-0.2275101,0.09876963,-0.0964203,0.49508512,-0.050338216,-0.18367483,0.19009739,0.55825603,0.07730558,-0.15472052,0.13680598,-0.09509103,-0.1870699,-0.4297099,0.20158163,-0.28671303,-0.16015495,0.45408893,0.0632968,0.16724508,-0.05832426,0.7726666,-0.53546274,0.18964481,-0.090133466,0.12577266,0.07964913,-0.39925683,0.7256123,0.396302,-0.12042517,0.016810123,-0.39165127,0.5294815,-0.15556757,-0.13692552,-0.18376963,0.08250978,-0.23930359,0.23758812,-0.50297797,-0.011460802,-0.14914408,-0.43108687,-0.15692289,-0.35421202,0.5148467,0.2826678,-0.46863347,-0.052943997,0.09273009,0.05820046,0.17296167,-0.47131437,0.04905865,-0.19639915,0.1931283,-0.19200492,0.18441507,0.079058275,0.22199208,0.60037696,-0.46267065,-0.53437084,0.67463195,0.34279093,0.41794765,0.11179944,-0.24177082,0.49307418,0.1109033,0.19133227,0.17981894,0.010085285,0.15090482,0.25405124,-0.019737132,0.33053842,-0.25970492,0.10947233,-0.16332294,-0.16915801,-0.34453812,-0.47963545,0.046473023,0.084629856,-0.15975195,-0.13464595,-0.17348917,0.120966576,0.6790467,-0.0062442957,-0.07565558,-0.36355716,-0.122189656,-0.23984906,-0.69577026,0.10635847,0.17666957,0.016607437,0.15586928,0.20106617,0.030092187,-0.56798583,0.0020036441,-0.04560882,-0.12852393,0.39156318,0.07614085,0.018504051,0.427597,-0.2432869,-0.25852808,0.07024769,-0.12107354,-0.16933009,0.39336133,-0.8292194,0.042781614,-0.31146938,-0.048582315,-0.23961468,-0.38802332,-0.052629273,0.07638873,-0.29211015,0.13838589,0.42522326,-0.38848597,0.096608214,-0.29737183,0.08114755,0.16284063,-0.3526424,0.091336064,-0.45357555,-0.028564455,-0.22767402,0.3906796,0.33887047,0.18268828,0.19606419,-0.14680085,0.118191086,0.17927648,-0.00035681063,0.27362955,-0.19334581,-0.02179424,-0.32388443,-0.24127452,-0.28164122,0.19397616,0.23045924,0.17864577,-0.27163044,-0.34374112,-0.12713666,0.28470528,0.46251053,0.55258435,-0.4247362,-0.44492462,-0.04542017,0.36082712,-0.28990406,0.24303739,0.30553356,-0.3827099,0.25170106,0.1499259,-0.30771503,0.29754537,0.6967697,0.24816772,-0.17965779,-0.1867627,-0.09669528,0.50721055,0.21088693,-0.23318812,0.05150647,-0.35529584,0.05289921,-0.07502874,0.0025402019,0.12258951,-0.32526526,-0.01715388,-0.073817395,-0.32687908,-0.3371233,0.12303254,-0.06534029,0.4261207,-0.53771085,0.2829319,0.43403152,-0.38897356,0.35148922,-0.24950325,0.25959593,0.14039002,-0.22511336,-0.56606615,0.0017786251,-0.17538089,0.059284817,0.19666046,0.19265082,-0.06830127,0.08063616,0.207854,0.30046257,0.52275056,0.28471342,0.37687597,0.0053685824,0.107690625,0.2297985,-0.1808593,0.18983743,-0.3173917,0.57065994,-0.3412099,-0.2873716,-0.3551421,0.073404856,0.50332826,0.075833656,0.17355075,-0.26799232,0.13141249,-0.54745084,-0.08544945,-0.10774046,0.2581656,-0.15726638,0.6397193,-0.37263608,-0.2912311,0.2697459,0.05863908,-0.13973746,-0.28961456,0.42277083,-0.058389463,-0.20974413,0.17498615,0.35168287,0.21267097,0.0024417667,-0.10537709,0.06421457,0.2926018,0.53641707,-0.009611538,-0.25171027,0.08811893,-0.053137816,0.055122413,0.218022,0.39625272,-0.07976312,-0.15738678,0.10062626,0.5459211,0.18699273,0.37996346,-0.08206546,-0.09820976,0.41298142,0.10355266,-0.13640812,-0.12615673,-0.2120322,-0.7869552,0.19753872,0.00023332422,-0.19077684,0.15372747
9,0.072724424,0.31022954,0.20858483,-0.12279113,-0.22666617,-0.019832496,0.42689472,-0.12576582,-0.005670362,-0.2117127,0.029768923,0.13643016,-0.16623639,0.11684472,0.10429413,-0.19372235,-0.20940548,-0.24921256,-0.07329679,-0.26509878,0.04592806,-0.016356263,-0.022817831,0.0147954635,0.51352465,-0.22863844,-0.018363327,0.004954947,-0.50658065,0.19953766,0.017267862,-0.026517032,0.08620886,0.29190534,0.12179786,-0.17789282,-0.5702587,0.36302376,-0.47078204,0.10317651,-0.0034872696,0.3919152,-0.674392,0.38103652,0.2825258,-0.13381667,0.013885407,0.26853564,0.58384407,0.21535136,-0.20774846,-0.11847408,0.16088408,-0.16294436,0.03104381,0.34622192,0.29976815,0.6834672,0.3540152,-0.16905826,-0.032353755,-0.144162,0.3604066,-0.1525622,-0.40050247,0.16904426,0.123138666,0.4332944,-0.057573725,0.17186926,0.4154159,0.5318023,-0.048026413,0.26260814,0.36634138,0.23371127,0.33775175,0.60623467,0.03969385,-0.022851113,0.41768777,0.08846275,-0.4193883,0.17671482,0.3131615,-0.30968916,0.17122088,0.124879934,0.25423974,-0.31953976,0.073954694,0.6768734,0.039335378,0.5383892,0.15917902,-0.05005732,-0.013552829,-0.13729466,0.08227837,0.116145685,0.47116065,0.42417327,-0.7387199,0.3922945,-0.07123764,0.20634271,0.25591403,-0.70584375,0.6719031,-0.39007628,-0.49067467,0.267612,0.31438443,-0.440238,-0.3527058,-0.0573797,0.07366613,0.08533614,0.20280236,0.23222533,-0.041348867,-0.24197759,-0.3257618,0.22025374,0.07189055,0.7329658,-0.2945441,0.33778396,0.2978999,0.29158342,0.18799871,0.17203934,-0.11983959,-0.5828102,-0.25987208,0.20169201,0.122658335,0.45305222,-0.9643786,-0.41838658,0.051485043,-0.0069650547,0.22115962,0.09985133,-0.28732446,0.18680535,0.17350906,-0.21831726,-0.22275022,-0.022518288,-0.19000633,-0.19508345,-0.1408087,0.042247076,-0.104362786,-0.31333712,0.23456588,-0.2507582,0.21162029,0.3402801,0.30043745,-0.11132145,0.31781512,-0.28986797,0.259872,0.5637926,0.022418516,-0.043206252,0.3105371,0.18621609,0.20285007,-0.34285188,-0.08934317,-0.39077398,0.6101659,-0.4441906,-0.10325636,0.07687945,-0.0047240625,-0.11730358,0.4893636,-0.057869248,-0.07919187,-0.49063274,0.12208553,0.74603736,0.32214805,0.3734451,-1.16462,0.07353629,0.020470276,0.5248262,0.39519244,-0.1718059,-0.52929085,0.29560688,0.13009205,0.017467305,-0.054102164,-0.38125697,-0.06303436,-0.35401347,-0.22736625,-0.31135565,0.2853792,-0.29945627,0.30412662,0.20698711,0.5144263,0.4681374,-0.24804537,0.13708328,-0.13207959,0.25553492,-0.18889357,0.9662033,-0.34393162,-0.62805796,0.513582,0.05633638,-0.63653034,0.05226437,-0.37147498,0.052796643,-0.3113774,0.5375789,-0.44378224,0.3148089,-0.3108363,0.3370497,-0.09432514,0.19866192,0.03783902,0.10198745,-0.113815434,0.17187724,-0.087999664,0.15110071,0.0842377,0.20666063,-0.4934843,-0.44739583,-0.2581573,-0.29880393,0.10190932,-0.03371821,0.23746665,-0.31603995,0.3040644,0.005891868,0.08981169,0.09601649,-0.20902435,-9.921926e-05,-0.13019335,-0.40198746,-0.39516288,0.50030833,-0.44554508,-0.30602887,-0.12203335,0.115528725,-0.08109916,0.10927389,-0.12821072,0.4186283,-0.40907976,0.21778291,-0.23538105,-0.19824405,0.036153138,0.12828325,-0.005811014,-0.102982044,-0.56976354,-0.07115105,-0.08559825,-0.35712942,-0.47530124,-0.3453179,-0.029870067,0.017994517,0.33753094,0.008433536,0.28146744,-0.38560584,0.008950459,0.12903099,0.1151299,0.19369923,-0.15121347,0.22229159,-0.15735807,0.28138965,-0.0718688,0.2900577,-0.0026628715,-0.70835686,-0.01565409,0.45655003,-0.092453495,0.31439063,-0.39517495,-0.27997503,0.6570121,-0.007152492,0.27286863,0.2629245,0.27399385,0.24940751,-0.13237318,0.19308324,0.35821882,0.006893874,0.21154538,0.02521373,0.138836,0.16065155,0.0033174655,0.18938577,-0.04098486,-0.15046176,0.24470347,-0.19537942,-0.008634922,-0.06585596,0.18650109,-0.19889075,-0.25140086,0.28986856,0.08313298,-0.013434915,0.2726249,-0.19826102,-0.15799989,0.08388429,0.05656631,0.000463127,-0.16795184,0.13793053,0.086301886,-0.5724596,-0.031853534,-0.1333098,0.08890098,-0.14939901,-0.12689377,0.49131927,-0.17067754,-0.37496227,-0.09128961,0.52444935,0.29230297,-0.12200932,0.04818783,0.08071654,-0.0590189,-0.2539607,-0.18492815,0.10049823,0.2959552,-0.5071437,0.23423578,-0.3360297,0.18500334,0.1361105,0.1329652,-0.03295578,-0.17581956,0.20993698,-0.032297928,0.039292913,-0.0961275,0.027238602,0.57284725,-0.28085503,-0.39892456,-0.6936664,-0.15715623,0.03600742,-0.2098992,0.23052199,-0.26179948,0.6246278,0.1437347,0.2960416,-0.1698469,0.42613533,0.008551841,0.2632426,-0.0135234,-0.26183397,-0.087172635,0.13694708,0.3396268,-0.19528829,-0.020741865,0.21589795,-0.23546283,0.17701119,-0.3042671,-0.43626648,0.079711884,-0.6172592,0.38090545,-0.32461244,-0.18753947,-0.0489309,0.2490311,-0.19127211,-0.26890197,0.3256966,0.20003206,0.5546541,-0.07730624,-0.24624474,-0.8280898,0.49488223,-0.074556865,0.14648661,-0.124980025,-0.34200874,0.10576813,-0.48033485,0.15369155,0.25547317,-0.13574815,-0.008505463,-0.007486557,0.2407,0.6758475,0.09993097,0.45857337,-0.1660266,0.111099206,-0.18803832,0.12884492,-0.3143794,0.1365651,0.01768634,0.37653667,-0.035020467,-0.23883174,0.2931608,0.6891868,0.070761375,-0.17079128,0.34531185,-0.06877648,0.03145565,0.0067589805,0.14873236,0.009023637,0.23951094,0.0024770072,0.05037028,-0.24626848,-0.054719348,0.26438564,0.14565158,-0.11622965,0.0016431789,-0.4313263,0.17333673,-0.39884296,-0.03548326,-0.16137755,0.21025652,-0.21531077,-0.012347778,-0.089963675,0.3288777,-0.13215049,-0.33501545,0.111311615,0.01438186,-0.20313856,-0.022510832,-0.058017496,0.5021388,-0.25519428,0.20239908,0.20747115,-0.049289543,-0.17899892,0.3685812,0.07504492,0.1038768,0.43581676,0.07093239,-0.480347,0.11603418,-0.33938503,0.18812588,-0.33702525,-0.072384514,0.12178716,-0.18394938,0.03506088,-0.3894898,0.6204266,0.1251657,-0.011002693,-0.4406818,0.589644,0.22397016,0.118390545,0.093459375,0.18620494,-0.09047603,-0.022785708,0.23539665,-0.02168771,-0.47103435,-0.03798257,0.0829678,0.50533843,0.3916531,-0.3300535,0.118531115,-0.37416914,-0.39401367,0.45089835,-0.17328201,0.25124845,0.18138295,0.22808091,-0.3211913,0.34635994,0.08168456,-0.3876652,0.02209599,-0.5682263,-0.11054433,-0.35622156,-0.37497586,-0.011516624,0.15473877,-0.0901627,-0.28611922,0.1519253,-0.19651225,0.14295214,0.65084594,0.27857232,-0.5518688,-0.04961784,0.28154832,0.2675471,-0.3615719,-0.0055497973,0.1992651,-0.6994743,-0.94468707,-0.13406762,0.27916873,0.10758764,-0.19001284,0.22802752,-0.022114914,-0.16331077,0.053144306,-0.14491563,-0.18719384,-0.12601502,0.2603987,0.29297593,-0.09501376,-0.1464233,-0.52879983,-0.20868295,0.3052464,0.20705546,-0.2973621,-0.70810634,0.09276375,-0.22178745,0.37736464,0.3557997,0.13927524,0.4700618,-0.25464055,0.0533468,-0.3868685,0.028431078,0.052144125,0.40589583,-0.37102914,-0.31635946,0.97066116,-0.08296168,-0.5823663,-0.005097564,-0.1394533,0.20119734,-0.059108056,0.0019567024,-0.37462804,0.22514907,0.37436002,0.26307777,0.33030736,0.2984495,0.2828538,0.6300833,0.07687351,0.37326497,-0.26764667,0.15742509,0.01836059,-0.05180979,0.15520939,-0.39439818,0.24859919,0.17565885,-0.21166769,0.0011783724,0.011909384,-0.0020584022,0.4899479,0.38738713,-0.12768082,-0.6745369,0.06338824,-0.031876177,0.19867982,0.18401735,-0.45903563,0.37761617,-0.11663036,-0.26083657,-0.42179745,0.13043988,0.11364841,-0.02151185,-0.28744498,-0.10838089,-0.09343842,-0.076164834,-0.1614832,-0.67306626,-0.4615998,-0.13196242,0.15899934,0.025588645,0.08422682,0.60436386,-0.29036817,-0.79378885,0.27533415,-0.6697741,0.25527787,0.400646,0.069708355,-0.1559296,0.25875986,0.35217875,0.12655886,-0.10628825,-0.16182779,-0.5912274,0.1639051,-0.18525779,-0.14907703,0.37519795,0.10878117,-0.0930189,-0.17852549,0.20112622,-0.184124,-0.50267375,0.11712199,-0.19591242,-0.1775118,0.26429418,-0.6031989,0.06253901,-0.044560984,0.13449061,-0.13578874,0.29546148,-0.1729102,-0.39249948,-0.3253672,0.45958132,-0.4264464,-0.061152235,-0.23721854,-0.22806166,-0.17176422,-0.33836126,-0.27312157,0.2315801,0.25132003,0.28743714,-0.11562137,0.26416793,-0.2502412,-0.07294046,-0.4723382,0.01972212,-0.5370484,-0.018769734,-0.35093614,-0.33400217,-0.24603426,0.15483136,0.3554672,-0.4980985,-0.03201766,-0.33084893,0.3187656,0.23774442,0.32973891,0.088678636,-0.4233498,0.14928892,-0.20741242,-0.35953483,-0.0120757995,0.35785815,-0.26587754,0.27140847,0.17304681,0.04501796,0.16102135,-0.09484415,-0.37192538,0.02783727,-0.21107033,0.16821766,-0.21052565,0.03209984,-0.11867421,0.36278984,0.20347664,-0.13397242,0.117449716,-0.10156378,-0.41437474,0.16249052,0.41739237,-0.19078414,-0.15430006,0.08520551,-0.115832,0.5527204,-0.0564652,-0.3029255,0.1044766,0.5352948,-0.0014158761,-0.08275958,0.16815469,-0.082913704,-0.17431264,-0.43312845,0.21987404,-0.3213477,-0.0471387,0.4573207,0.02986087,0.14665835,0.0059080925,0.7195503,-0.5235724,0.20880204,-0.12969834,0.09190902,0.1319608,-0.38204256,0.5747385,0.38756546,-0.13578674,0.14611766,-0.40452677,0.46822765,-0.1130523,-0.18960696,-0.13254264,0.045932584,-0.19385785,0.31303304,-0.47145134,0.0018706496,-0.18226743,-0.5320067,-0.10103523,-0.401673,0.493999,0.29354614,-0.38153377,-0.18713082,0.111826174,-0.08598615,0.12613669,-0.48918724,0.11476746,-0.25925922,0.27990434,-0.17824543,0.13019246,0.057642117,0.25471315,0.562421,-0.43276963,-0.5463229,0.6982686,0.27776614,0.33770612,0.1473502,-0.43041566,0.504966,0.12334753,0.24187972,0.20259336,-0.009571513,0.062151857,0.23372407,0.03021652,0.26382333,-0.1851616,0.07164651,-0.16463463,-0.14563447,-0.31538633,-0.43115833,-0.0218482,0.059064258,-0.14555381,-0.12839235,-0.14634034,0.07682847,0.65522,-0.034701936,-0.067151934,-0.40613458,-0.123734616,-0.21977857,-0.621849,0.2395027,0.23138255,0.04393024,0.13027005,0.1569413,0.0645379,-0.5598708,0.024596881,-0.09360495,-0.15240675,0.32637805,0.13118444,0.0517657,0.36614627,-0.2743478,-0.24996126,0.05765422,-0.1143461,-0.23297128,0.5238347,-0.9243864,0.052645005,-0.3907573,-0.14936,-0.2576343,-0.35806346,-0.035381228,0.10615484,-0.2524737,0.09070238,0.4153367,-0.36166388,-0.090169765,-0.24710412,0.09130172,0.10865937,-0.33091605,0.02496824,-0.48639333,0.012726197,-0.27520654,0.29023108,0.26227304,0.14812897,0.2209573,-0.17557187,0.08363494,0.18585528,-0.08298352,0.29243493,-0.24192658,-0.069699734,-0.38619202,-0.36880064,-0.30250198,0.26829487,0.3270067,0.16462897,-0.25246444,-0.38150373,-0.08956487,0.24004002,0.52328825,0.6654643,-0.46621117,-0.53857994,-0.05798327,0.31508848,-0.2976051,0.26768094,0.37560028,-0.40645963,0.21367764,0.106659405,-0.3526659,0.2998124,0.7209625,0.22944784,-0.14098097,-0.18365864,-0.09368318,0.5387551,0.22352323,-0.19099472,0.015162322,-0.35538563,-0.006923423,-0.13416776,-0.00540627,0.06674538,-0.3279063,-0.01956801,-0.1027641,-0.36339846,-0.3062138,0.117102824,-0.067286596,0.3345249,-0.5974248,0.24771379,0.42040634,-0.40118,0.34888902,-0.33248428,0.32886252,0.22551025,-0.23379064,-0.6423329,0.065590836,-0.23949327,0.0155598475,0.2719731,0.041699637,-0.14608751,0.17397726,0.19917163,0.32829988,0.48785272,0.3456026,0.4366073,-0.06852651,0.068562105,0.33802179,-0.15875185,0.22963256,-0.31554443,0.4685032,-0.2286052,-0.34514818,-0.28945717,0.07070547,0.47056282,-0.002039514,0.019205704,-0.29914814,0.13357317,-0.6049192,-0.10491867,-0.102033466,0.2171131,-0.09623991,0.616764,-0.38790333,-0.30107942,0.31962344,0.10323586,-0.07423554,-0.13544747,0.5368466,0.017576221,-0.33791563,0.15408072,0.3017015,0.2443102,-0.02858117,-0.08979043,0.013532397,0.32206112,0.5423063,0.06924655,-0.24432343,0.07708164,-0.013803601,-0.03479912,0.15034823,0.39173615,-0.18384504,-0.1127452,-0.054931406,0.5760811,0.16054347,0.4045584,-0.07896431,-0.0658249,0.42619184,0.12590297,-0.13777556,-0.0830999,-0.27505243,-0.7716039,0.18084861,-0.08244464,-0.25879756,0.071407035
10,0.07705636,0.42630893,0.24702828,-0.067636654,-0.11554193,0.0044405605,0.38393053,-0.069436155,-0.052112114,0.015495021,0.095658734,0.18639223,-0.12174649,0.13851224,0.10507266,-0.10746668,-0.01077224,-0.053977482,0.09900846,-0.2156392,0.19078638,-0.14436021,-0.1478258,-0.14317879,0.36532295,-0.13806076,-0.20126015,0.08514142,-0.61063015,0.18168838,-0.024936765,-0.059388295,0.1375459,0.239967,0.17311913,-0.1461738,-0.4059248,0.33022967,-0.33061713,0.0075644827,0.018604394,0.17969175,-0.5377069,0.2131072,0.23322052,0.030857349,0.10408771,0.2711156,0.5086216,0.18731286,-0.2610768,0.0674785,0.10638231,-0.12469492,0.058414362,0.31047922,0.3671994,0.44119903,0.2699269,-0.10305644,-0.022916062,-0.16441159,0.41137788,-0.013514526,-0.28150508,0.27033538,0.13574202,0.21957281,-0.13865766,0.15510009,0.33246687,0.46619815,-0.08396715,0.25331393,0.22880296,0.3250331,0.30482775,0.44671854,0.042779,0.053288072,0.3098145,0.12752138,-0.4749596,0.056962337,0.2936899,-0.41603172,0.09220837,0.13813743,0.05411016,-0.24610053,-0.007791602,0.48238087,0.006299219,0.4049507,0.12587894,-0.06379723,0.044735152,-0.041812506,0.20052554,0.1244855,0.32070634,0.52617955,-0.8023263,0.3918894,-0.038363643,0.16295639,0.25712842,-0.6576257,0.6642529,-0.3284776,-0.35803765,0.3035649,0.32461068,-0.32018107,-0.28886142,-0.24099657,0.091337696,0.10070412,0.04439751,0.28335288,-0.012231489,-0.18976201,-0.038185794,0.0052210516,0.021936582,0.5716289,-0.32227734,0.27968067,0.11715042,0.13094974,0.18257868,0.12806427,-0.22419731,-0.49621964,-0.24441321,0.31398755,0.063293226,0.45244148,-0.95395726,-0.4519331,-0.01837267,0.021030892,0.11444703,0.16788593,-0.22852762,0.22532752,0.015423412,-0.23070869,-0.2849203,-0.1314225,-0.1470575,-0.28088695,-0.11434497,0.14837992,-0.1844351,-0.23722318,0.2965884,-0.20446159,0.12408634,0.35348058,0.22199583,-0.008465145,0.077676296,-0.22668797,0.365152,0.59243774,0.019208483,-0.17066985,0.20874844,0.2500098,0.24892302,-0.18763997,-0.1543149,-0.40699992,0.3778334,-0.48674726,-0.15499143,-0.041850917,-0.12923165,-0.13944784,0.4102731,-0.121824,-0.116668835,-0.4158826,0.130532,0.8288654,0.24299431,0.1317563,-1.0279198,0.09078028,0.093385614,0.29770675,0.1999231,-0.15220577,-0.47950992,0.19997671,0.14731744,-0.043373127,-0.115518264,-0.15364954,0.00459771,-0.28041965,-0.14054571,-0.2811698,0.24748914,-0.19294348,0.19245768,0.15999305,0.6229158,0.32932058,-0.083709985,0.20465377,-0.087288514,0.24183048,-0.20188051,0.8538378,-0.2516362,-0.5689593,0.4203478,0.06270409,-0.4356248,0.10252398,-0.34601924,-0.041738983,-0.18370473,0.41596878,-0.33771634,0.18231744,-0.2913396,0.49435285,-0.1682826,0.20458513,0.0929068,0.021528361,-0.12507586,0.1225375,0.047122028,0.13720089,0.14013897,-0.04514916,-0.33672297,-0.3989606,-0.12548041,-0.3431961,0.1394607,0.032116998,0.18788652,-0.32980907,0.35913816,0.08274253,0.10361879,0.0024741243,-0.19897693,-0.122932225,0.00733277,-0.28678876,-0.30775326,0.47871545,-0.47479397,-0.34698048,-0.05132282,0.0951872,-0.104397215,0.1575818,-0.06577365,0.42072594,-0.4316892,0.12510069,-0.2253377,-0.27298325,0.015358017,0.15711737,0.13500799,0.036760252,-0.3206041,-0.016799314,0.031292364,-0.19206227,-0.645644,-0.34535787,-0.15189774,0.14129591,0.30975932,-0.03852942,0.1778222,-0.48802903,-0.13261397,0.20454632,0.07913956,0.11258184,-0.07682475,0.2572133,-0.34491274,0.21040723,-0.020208297,0.22376536,0.089767314,-0.6385718,-0.04249784,0.37198663,0.19976975,0.37922835,-0.22434969,-0.22335349,0.64957184,0.07574465,0.191643,0.065880455,0.29759723,0.025234496,-0.080314144,0.24066095,0.25603554,0.027867867,0.15977281,-0.033749137,0.2758175,0.04839008,-0.08742142,0.20984976,-0.024278732,-0.15173349,0.25722122,-0.021274574,0.09492035,-0.098495156,0.09443606,-0.22229654,-0.23451342,0.40350723,0.13134496,-0.025075067,0.1858035,-0.15034959,-0.105590545,0.059911903,0.059094556,-0.040729143,-0.18831159,-0.091233015,0.055780694,-0.5298982,0.19053003,-0.29052225,0.20780252,-0.09468832,0.029184438,0.43713567,-0.16033408,-0.30438304,-0.06495467,0.37171,0.2810585,0.05131278,-0.030277379,0.10036435,-0.05491978,-0.2551098,-0.2556429,0.11782557,0.33089226,-0.45506915,0.33742225,-0.285013,0.05762874,0.26986396,0.081474915,0.11840215,-0.02363145,0.2215462,-0.012505967,-0.012589504,-0.06250079,0.01374076,0.6044844,-0.29783535,-0.39832312,-0.7889978,-0.2587851,0.11273627,-0.027521027,0.15997069,-0.2415116,0.78046125,0.11970899,0.17522828,-0.012417533,0.39809462,0.11600372,0.25060353,-0.0017927267,-0.3006441,-0.12579851,0.33929083,0.30830026,-0.04074284,0.09993696,0.12549369,-0.26207268,0.09549485,-0.21902075,-0.29978052,0.06551235,-0.59076065,0.46413383,-0.40616912,-0.12784304,-0.050292317,0.14041682,-0.072390825,-0.23292153,0.23352347,0.18368044,0.5791556,-0.12017871,-0.39043668,-0.48863277,0.32550782,-0.026840739,0.11915923,-0.26914996,-0.29525208,0.12841977,-0.56486785,0.1370962,0.19008303,-0.033265844,-0.019094847,0.15751387,0.30764648,0.6534852,0.060390085,0.49323848,-0.2725104,0.14374277,-0.24377297,0.06664011,-0.22631718,-0.04534651,0.11470902,0.44719678,0.0781106,-0.29661927,0.2697448,0.6095441,0.18654516,-0.20843872,0.3631911,0.0016607536,0.062314793,-0.14284799,0.08050082,0.11675813,0.2749411,-0.10480666,0.06949767,-0.21554966,-0.10411043,0.31121582,0.11190975,-0.002224031,-0.13233705,-0.50596654,0.102818355,-0.38314745,-0.041650947,-0.1484067,0.12569027,-0.21997981,0.046212126,0.0410297,0.33264014,-0.17647377,-0.36159784,0.10324168,-0.047399983,-0.10819486,-0.002208758,0.041151784,0.45511323,-0.27435404,0.33765942,0.31006375,-0.08953581,-0.31022155,0.30799833,0.17915593,0.081004925,0.39592484,0.15025344,-0.40616468,-0.032335952,-0.34085116,0.19883953,-0.42050648,-0.16157204,-0.00935249,-0.16486762,0.02481691,-0.28802213,0.6207355,0.34078065,0.016621055,-0.48340896,0.43866754,0.10643609,0.24775049,0.0797181,0.09944372,0.15995595,0.11273129,0.2345163,-0.29219124,-0.39720708,-0.03774066,0.040101353,0.5077966,0.11542902,-0.33217388,0.11341021,-0.4209703,-0.33899412,0.39589792,-0.21239085,0.1005638,0.23356281,0.15989713,-0.13073117,0.42388973,-0.0017812274,-0.28916883,0.18323956,-0.76037174,-0.21892995,-0.3432256,-0.26743224,-0.08835438,-0.020601448,0.10297489,-0.02031472,0.41286483,-0.16172919,0.12036621,0.60356504,0.17448711,-0.38776854,-0.05529781,0.31966037,0.20793732,-0.3752345,-0.023802692,0.26326537,-0.6584458,-0.98508847,-0.0044078217,0.1309296,0.07756024,-0.26385963,0.2328067,-0.04918248,-0.24417706,-0.13652052,-0.08664715,-0.07127277,-0.16053827,0.19841605,0.2644948,0.0020032558,-0.13278562,-0.5809544,-0.22871567,0.41498145,0.17400376,-0.26747164,-0.64719826,0.10996897,-0.2147697,0.2535373,0.38759878,-0.029603565,0.4679515,-0.21746708,0.05402443,-0.48924023,0.052209903,0.16719201,0.4455997,-0.37468565,-0.20700969,0.87808037,0.015442151,-0.9944816,-0.07988429,-0.20222665,0.22396979,0.04025468,-0.10774972,-0.3595985,0.2675101,0.28220963,0.14166088,0.28778133,0.27660674,0.31257743,0.5036741,-0.022646947,0.43779808,-0.30911994,0.033691682,0.111859806,-0.073277146,0.24457608,-0.33400378,0.25116622,0.21448696,-0.3543537,0.14998628,-0.057247717,-0.18062754,0.42561156,0.3393395,-0.12564619,-0.6682165,-0.03518247,0.103286006,0.058704484,0.21008615,-0.43241876,0.32595852,0.031490576,-0.22812131,-0.21716806,0.05521101,0.16061641,-0.03457023,-0.28435448,-0.104659855,0.028240034,-0.17864974,-0.22739968,-0.52464515,-0.4206581,-0.22928514,0.2334752,-0.16362326,0.120821394,0.6355424,-0.2332713,-0.94907254,0.087719046,-0.70755666,0.31632593,0.23158237,0.03786385,-0.111234136,0.2794488,0.31758475,-0.00884812,-0.12011616,-0.11206581,-0.29273885,0.11019136,-0.19023962,0.063736156,0.45854038,0.099047214,0.049590148,-0.1554116,0.14435956,-0.21142687,-0.4652043,0.048019566,-0.19257116,-0.29015845,0.060851634,-0.6567751,0.12747666,-0.03230132,0.076577134,-0.28183478,0.2915082,-0.23619775,-0.3186501,-0.25275132,0.32106495,-0.21531235,-0.016013125,-0.2502094,-0.15503451,-0.23815322,-0.38081938,-0.23986343,0.20762888,0.11344522,0.08389239,0.06583591,0.14927128,-0.26851198,-0.17851482,-0.2911033,0.02941026,-0.47136655,0.017022736,-0.36394483,-0.3406215,-0.28389442,0.088892594,0.35780448,-0.3996725,0.05065292,-0.1387792,0.34687138,0.08349664,0.2594154,-0.045155834,-0.4929447,0.21945241,-0.25114706,-0.3715514,0.10930647,0.44201326,-0.32236576,0.2876878,0.21234007,0.103513815,0.012230693,-0.20430379,-0.5380424,0.14555451,-0.25337845,-0.07155817,-0.07118838,0.022211868,-0.10903917,0.33517095,0.27774337,-0.08554019,0.18721387,-0.10603852,-0.5249944,0.23482257,0.21379136,-0.16274078,-0.25107545,0.15569277,-0.02193708,0.43995416,-0.04727025,-0.016733842,0.18019433,0.4611503,0.026056087,-0.15213865,0.03201102,-0.1562459,-0.21212348,-0.40175557,0.22020335,-0.3370479,-0.18292004,0.34774855,0.07855991,0.13678503,-0.16473503,0.6878058,-0.32919464,0.11691652,-0.10250662,0.07188727,0.07877459,-0.37792605,0.7293218,0.37648466,-0.0077851065,0.034781687,-0.28428414,0.4389888,-0.2063398,-0.08568245,-0.15071078,0.043367393,-0.07639261,0.23239152,-0.3867974,0.11926301,-0.12289493,-0.4230908,-0.116353974,-0.37829202,0.44658676,0.15275367,-0.44270277,0.015996596,0.020054951,0.08070693,0.11544677,-0.28514123,0.113555774,-0.15982307,0.22614585,-0.20138194,0.094041504,0.015086286,0.28777274,0.51962394,-0.4820766,-0.53473204,0.61603725,0.32204518,0.27055833,0.13330956,-0.19652829,0.48904246,0.21000978,0.19646744,0.1491759,0.009509152,0.23369594,0.3132874,-0.07309912,0.25536135,-0.115321845,0.07831352,-0.14428155,-0.17600352,-0.3227811,-0.45952258,0.037061,0.25081024,-0.18644044,-0.116975926,-0.23066886,0.20357682,0.57814395,0.018548034,-0.024452064,-0.34585446,-0.2289932,-0.23052162,-0.81780785,0.07602114,0.1715555,0.04357133,0.2557708,0.068524994,-0.04707781,-0.6539655,-0.13194211,-0.106851615,-0.061802574,0.4836631,-0.10249547,-0.1554944,0.4166606,-0.137037,-0.12350631,0.013568368,-0.16749887,-0.124816954,0.26190013,-0.8816651,-0.017722292,-0.2582544,0.00019391315,-0.2147988,-0.37427807,-0.037000652,0.048693486,-0.22974528,0.21407239,0.37310424,-0.23585317,0.07369652,-0.26163068,0.07701106,0.06638614,-0.26918632,0.114937805,-0.3397084,-0.021430928,-0.28637972,0.3638388,0.38821793,0.11799544,0.23055574,-0.11776126,0.17302646,0.24488415,0.18251581,0.3115564,-0.12079911,0.015463545,-0.36088938,-0.21737115,-0.25355867,0.1460985,0.2424588,0.097335994,-0.31238142,-0.33659926,-0.11874998,0.18184072,0.48653755,0.3790584,-0.39705017,-0.4909052,-0.10404194,0.3513305,-0.2248348,0.22080472,0.27303186,-0.2513622,0.10029613,0.11712505,-0.1859984,0.27177727,0.6176234,0.14245173,-0.19011967,-0.071675785,-0.16182609,0.47345203,0.13871919,-0.18518578,0.034083176,-0.2672604,0.08700599,-0.030352421,-0.08248693,0.16078377,-0.32714418,-0.0053908257,-0.03273994,-0.37692097,-0.3852621,0.09646622,-0.010462485,0.3671816,-0.4056036,0.20555395,0.4373212,-0.29995635,0.4025809,-0.16131932,0.28375828,-0.013671468,-0.24708381,-0.59567934,-0.029543467,-0.19259071,0.04416136,0.05105616,0.2947808,0.08173279,-0.0041844673,0.22282387,0.43254706,0.5753167,0.21968539,0.46659258,-0.025398873,0.022156253,0.32774654,-0.20549886,0.207094,-0.29041225,0.5329726,-0.2765141,-0.23367836,-0.38339794,0.10822452,0.499401,-0.048749078,0.16390108,-0.19546016,0.12580891,-0.44512853,-0.12847374,-0.06940685,0.30158672,-0.16348544,0.610562,-0.40821058,-0.24701717,0.23072313,0.047727283,-0.05825767,-0.37358353,0.36377764,-0.14213902,-0.21218315,0.08313343,0.41896898,0.17120507,0.10282328,-0.11224768,0.14564681,-0.0028054563,0.45871857,-0.03023622,-0.28249103,0.12955202,0.039689027,-0.029064627,0.12821433,0.2547098,-0.047680207,-0.102004185,0.20963545,0.4993261,0.12444179,0.41467154,-0.17647576,-0.13618734,0.41633084,0.09862394,-0.11068991,-0.102751866,-0.13900736,-0.69723904,0.14498822,-0.0323629,-0.24721597,0.052931
11,0.14774342,0.44644892,0.24865837,-0.098621465,0.020178003,0.07908428,0.22947267,-0.038698602,-0.15836541,-0.027355075,-0.025012055,0.18830737,-0.06441496,0.088739045,0.101735294,-0.11830354,-0.09038863,-0.03818089,0.032854307,-0.0938555,0.11661683,-0.017663917,-0.04399755,-0.0033337425,0.3357078,-0.1996373,-0.19098283,0.042980436,-0.42738184,0.16165997,-0.08633273,-0.051755793,0.11539815,0.041256987,0.17263527,-0.18843465,-0.39580172,0.40672597,-0.43638766,-0.0005542316,0.010938788,0.28619495,-0.42958432,0.4055066,0.23687056,-0.123111725,0.036262862,0.24722682,0.36737615,0.2932623,-0.19406042,0.07485819,0.1475394,-0.122833095,0.124769226,0.29913837,0.30449423,0.52609736,0.30900866,-0.117328405,-0.07168495,-0.10662633,0.29908967,-0.013157928,-0.11742525,0.2781729,0.1593118,0.32974344,-0.19079368,0.11833967,0.37359124,0.41184434,-0.042747315,0.31791162,0.14183025,0.23663202,0.22534145,0.44091132,0.06241607,0.039144117,0.21301164,0.14845763,-0.42747638,0.06832584,0.23994847,-0.17876588,0.029183762,0.0914402,0.123423666,-0.13998787,0.08224478,0.33446547,-0.04676043,0.4496006,0.094804354,0.0014916951,0.13252044,-0.02649083,0.26412773,0.08316486,0.40471017,0.48003152,-0.60677147,0.24070668,-0.02406026,0.27316293,0.34973386,-0.5287717,0.5873887,-0.35055324,-0.43590647,0.2937684,0.3472391,-0.31529814,-0.22982809,-0.30199784,0.08452892,0.07238969,0.15454729,0.1969984,-0.010905149,-0.11629986,-0.05876515,0.009036036,-0.00206169,0.4776338,-0.29849952,0.2776028,0.26034123,0.23493671,0.12222494,0.1245368,-0.12752025,-0.4444063,-0.32742783,0.28881103,0.029195145,0.39604405,-0.71099365,-0.42240956,0.0035312418,0.060127784,0.035650164,0.085411675,-0.18583927,0.11093558,0.090488315,-0.040804166,-0.19911113,0.02551631,-0.1946728,-0.15399927,-0.19970228,0.012535244,-0.2071349,-0.32046574,0.18788382,-0.21394445,0.121088296,0.3088125,0.27570698,0.03159636,0.21032567,-0.26857832,0.35659188,0.43081692,-0.027088672,0.041363988,0.2152251,0.10984274,0.07444176,-0.06752494,-0.018941889,-0.45584086,0.35239342,-0.49149653,-0.057904355,0.027634908,0.025776343,-0.18498611,0.38855198,-0.074281245,-0.034506693,-0.3390175,0.046122156,0.6515683,0.27231142,0.19667478,-0.8981831,0.06885731,0.115418255,0.32779232,0.28334618,-0.22312024,-0.5713425,0.15616572,0.14290604,-0.036026683,-0.15638162,-0.21744901,0.012880101,-0.19891684,-0.16450506,-0.19335873,0.14575654,-0.17338687,0.2714327,0.20348307,0.5089407,0.29905728,-0.09486386,0.15697484,-0.09710498,0.20017162,-0.1254131,0.82534516,-0.22412424,-0.5053963,0.1798951,-0.0023865234,-0.39323968,0.10220284,-0.35099617,-0.012379754,-0.11516306,0.46293342,-0.34702656,0.2702223,-0.27483752,0.3705469,-0.115530856,0.15275222,0.061421394,0.015280544,-0.077183366,0.17595597,0.1440985,0.14298107,0.052696973,0.06340818,-0.2726588,-0.44681993,-0.2374037,-0.19798551,0.21193524,-0.057157204,0.25487784,-0.38499942,0.27118546,-0.002162183,0.17584866,0.0341315,-0.12615721,0.06789672,-0.06110052,-0.36731434,-0.2891945,0.41729513,-0.3054038,-0.36487466,-0.059149664,0.124255545,-0.121159025,0.06848335,-0.04508356,0.2897243,-0.38810724,0.0377673,-0.20615904,-0.2084904,0.0013095774,0.20339285,0.04473979,0.0052657383,-0.3940992,-0.04514606,-0.036557384,-0.32188007,-0.53952867,-0.22508208,-0.13503972,0.050794598,0.30704865,0.08491626,0.1462855,-0.39424667,-0.18108986,0.23452516,0.0777208,0.1090483,-0.122341506,0.22134833,-0.2752545,0.057316292,-0.0053396462,0.26809075,-0.049944256,-0.68989456,-0.14903489,0.2692815,0.020642135,0.23490845,-0.32670268,-0.264425,0.5562651,0.12509872,0.1407965,0.1160954,0.14557377,0.069854364,-0.07458867,0.34111992,0.26463586,0.017713733,0.22746848,-0.020146398,0.24818137,0.0002949513,-0.05641155,0.18543401,-0.008932798,-0.10339022,0.14174704,-0.13245468,-0.034561504,-0.06716172,0.14046878,-0.1603628,-0.20310774,0.25199166,0.08474059,0.0042359754,0.06358665,-0.22115488,-0.11985097,0.037935097,0.10189227,0.016813807,-0.14745022,0.03481039,0.16394897,-0.54747903,0.078821786,-0.16634898,0.09250732,-0.09496893,-0.027254986,0.45901874,-0.15285628,-0.25976336,-0.06620545,0.3457831,0.1817025,-0.0514301,-0.13488242,0.0069777025,-0.11128118,-0.09121707,-0.18700066,0.0812211,0.25131205,-0.43230575,0.29615664,-0.3551052,0.031462368,0.20947963,-0.05630133,0.098194845,-0.14025709,0.10375064,-0.18716864,0.042190917,-0.06989818,-0.05425081,0.48572615,-0.26501995,-0.32968014,-0.57095546,-0.23851131,0.1630092,0.028280875,0.14937311,-0.27676564,0.7247527,0.19493017,0.13327298,0.09382011,0.38975334,0.084638804,0.2407634,0.04004397,-0.21444671,-0.18395628,0.25587913,0.1604662,-0.025783656,-0.014992828,0.1683633,-0.19781007,0.19070499,-0.27646607,-0.23841976,-0.04149948,-0.36714104,0.33861253,-0.35880616,-0.24013688,-0.033810675,0.1133889,-0.0629246,-0.28336087,0.1964545,0.1464229,0.43501708,-0.013012719,-0.2897868,-0.5248441,0.29506665,-0.06470947,0.17326792,-0.157577,-0.3397351,0.20801242,-0.43614176,0.0772511,0.24805635,-0.05426953,-0.17448556,0.026905434,0.33590946,0.56433046,0.04409025,0.5429389,-0.17425996,0.028385486,-0.10916123,0.1175245,-0.30605325,0.12230189,0.16124155,0.3754594,0.083743304,-0.22461936,0.1717306,0.5853098,0.11066075,-0.22204688,0.385969,-0.088144526,-0.05752193,-0.066961706,0.12442081,0.08016546,0.25572863,-0.10744921,0.06754573,-0.1856412,-0.066661805,0.30254087,0.1490747,0.014935384,-0.057983447,-0.38371375,0.10326608,-0.22849885,0.00869007,-0.15788203,0.19605508,-0.17501308,0.0303737,-0.060262315,0.27095821,-0.15732147,-0.3547988,0.14083079,0.112360306,-0.09136791,0.0034734341,0.049922973,0.34585756,-0.20277013,0.30462733,0.13250937,-0.04126751,-0.25286344,0.24866171,0.090827845,0.059962973,0.4103407,0.040757965,-0.33964148,0.15822318,-0.23808163,0.17485571,-0.39137402,-0.2436275,0.23157762,-0.17185092,0.1408498,-0.3041612,0.4479399,0.15063491,-0.0027121669,-0.4406299,0.53008336,0.08670858,0.13280609,0.1413627,0.045527145,-0.02082978,-0.022756454,0.11739155,-0.076809734,-0.46187788,-0.041519858,0.1038675,0.40500072,0.13791357,-0.32515016,0.18671513,-0.29457715,-0.41605455,0.46074352,-0.17927676,0.18356508,0.14500602,0.046187215,-0.10623706,0.2747576,-0.05840403,-0.18104458,-0.01561743,-0.6315214,-0.19038002,-0.28917947,-0.27559325,0.0019562282,0.07601086,0.097608045,-0.1801779,0.33352607,-0.12673855,0.096964575,0.5635494,0.15415974,-0.35946175,-0.14509486,0.20388818,0.20425166,-0.30459183,-0.03753439,0.31731206,-0.5750473,-0.7466778,-0.10043838,0.21512908,0.022128206,-0.26514807,0.19285353,0.012014329,-0.1630638,-0.11784854,-0.02440866,-0.098343514,-0.14099939,0.07139691,0.17527014,-0.021597035,-0.16442606,-0.3718689,-0.11005797,0.14689222,0.1297533,-0.24402002,-0.68154424,-0.02471317,-0.14688638,0.20857674,0.33636647,0.017841812,0.4119521,-0.34291762,0.12866911,-0.38976368,0.1472867,0.13429762,0.32067,-0.23812664,-0.14834042,0.7311346,0.0069349986,-0.900663,0.02836885,-0.14535525,0.15636043,-0.0028358202,0.028335085,-0.2501218,0.15211348,0.32972857,0.26391852,0.35843515,0.20018007,0.18266639,0.37657484,0.11833088,0.41558814,-0.20257753,0.015019949,0.2015815,-0.110897794,0.219726,-0.2524564,0.1832041,0.1485333,-0.30633605,0.11876098,-0.038834017,-0.2504632,0.56196696,0.36686245,-0.124003336,-0.60417455,-0.0485679,-0.048500646,0.056898765,0.17255077,-0.42407295,0.34237903,-0.1139495,-0.15641911,-0.23727335,0.029454637,0.048082102,0.014344456,-0.14469601,-0.20540869,0.04549224,-0.12869553,-0.09071347,-0.61145145,-0.3797377,-0.22074768,0.25441137,0.07979674,0.038718216,0.512456,-0.23166406,-0.71310097,0.017707419,-0.57721305,0.20616905,0.31312507,0.021447575,-0.15021159,0.18863656,0.27531984,-0.008668002,0.15084367,-0.14312589,-0.31826982,0.084740184,-0.17548004,-0.047239956,0.4590969,-0.024138898,0.121098794,-0.19446926,0.15370722,-0.1726525,-0.4625743,0.21510452,-0.19613548,-0.14285457,0.120885625,-0.5644002,0.13703483,-0.039354976,0.03700609,-0.13556808,0.24086425,-0.072984986,-0.2493639,-0.29752257,0.35372156,-0.2083189,-0.10564889,-0.15471928,-0.16259181,-0.20409997,-0.26538897,-0.23655498,0.2648454,0.24103954,0.11288032,0.011658013,0.27848887,-0.29165614,-0.15014595,-0.40153232,-0.06512719,-0.4081195,0.0067700488,-0.32129306,-0.15469171,-0.33840922,0.053841084,0.22846833,-0.3812685,0.053358532,-0.20254263,0.21904539,0.15760195,0.25787565,0.05667164,-0.39189973,0.07396008,-0.20059341,-0.28850043,0.0923864,0.35232693,-0.19623713,0.32943484,0.14525747,-0.029141793,0.035039846,-0.13749032,-0.35545656,0.10432929,-0.11703323,0.0905494,-0.113346845,0.076407276,0.016823344,0.22800341,0.17797716,-0.11007233,0.13002217,-0.07907557,-0.3490033,0.08127199,0.12783995,-0.13798374,-0.16972129,0.11099774,0.012522387,0.34291738,-0.044034656,-0.12820992,0.18403701,0.35960096,0.0155294975,-0.025400324,0.15163703,-0.25523937,-0.17758547,-0.41935706,0.26478082,-0.42422837,-0.06909335,0.19361968,0.095667504,0.12879638,-0.11892004,0.6177494,-0.22652593,0.09586684,-0.2115395,0.04275127,0.038396046,-0.27685648,0.45173767,0.31125125,0.0747673,0.10281116,-0.2584619,0.4906575,-0.09818258,-0.119191445,-0.12732483,0.12536821,-0.082936525,0.22041681,-0.33496326,-0.023726122,-0.12890163,-0.32653904,0.05552525,-0.29171243,0.3990946,0.13398212,-0.46595812,0.08211693,0.12515418,0.046052992,0.103113376,-0.25517642,0.07121727,-0.17297587,0.20334448,-0.13193804,0.07962869,0.09983804,0.23395596,0.37240162,-0.3691537,-0.41864076,0.37540755,0.25492665,0.16778255,0.10968652,-0.35680678,0.4599132,0.1767791,0.20391382,0.08680462,0.006293672,0.12080719,0.1789423,0.062791534,0.21673718,-0.050152566,0.06802213,-0.20272464,-0.17469656,-0.2655763,-0.45763046,0.074605554,0.15154316,-0.21722838,-0.10665797,-0.29197887,0.054252315,0.44977683,0.111244425,-0.082369335,-0.2912016,-0.17648147,-0.24060848,-0.63212055,0.21285859,0.21326321,-0.17405805,0.23888765,0.053160287,0.077592306,-0.562389,-0.046281293,0.023286946,-0.27919468,0.42125493,-0.07837117,-0.083951406,0.3452048,0.0007188099,-0.14381239,0.06067665,-0.1140157,-0.2392489,0.3033596,-0.7887481,-0.009963697,-0.21418871,-0.16294357,-0.13785559,-0.3467138,0.11983868,0.091216266,-0.23300177,0.058803137,0.41751844,-0.2205044,-0.07616995,-0.21177654,0.09241525,-0.029868986,-0.20818011,-0.050605375,-0.41839266,0.055088732,-0.26179725,0.2960486,0.21630065,0.0345974,0.23205185,-0.08431334,0.083962515,0.09576101,0.05242777,0.26065245,-0.0111628175,-0.084723465,-0.29503977,-0.35006323,-0.14691192,0.1341626,0.23339115,0.11842513,-0.2732246,-0.2729514,-0.059938606,0.20084362,0.3421924,0.34047517,-0.2012739,-0.32918733,0.07011079,0.25599596,-0.118106574,0.18391843,0.2858129,-0.35326475,0.20497005,0.07953332,-0.1920524,0.25049242,0.51592994,0.0452476,-0.10946104,-0.04919301,-0.15156437,0.38028532,0.10360342,-0.20127894,0.06811865,-0.15981942,-0.04928551,-0.15312915,0.018938577,0.21168181,-0.24431978,-0.03084127,-0.11883096,-0.23654015,-0.27835366,0.10593749,0.0055642794,0.31255722,-0.39204898,0.16953643,0.3150976,-0.27337596,0.2824506,-0.29913592,0.20513931,0.06411838,-0.08990786,-0.49700132,-0.10316162,-0.17149037,-0.06470824,0.09272036,0.12708052,-0.18365103,0.042968083,0.10301735,0.2611363,0.4742287,0.27112442,0.3807206,-0.026586862,0.023275385,0.26670247,-0.17079481,0.12741646,-0.1999066,0.32263076,-0.21295755,-0.20360819,-0.24732381,0.09205727,0.28725383,-0.06677942,0.02310052,-0.28404802,0.07189213,-0.37251908,0.04479623,-0.003950328,0.16756776,-0.14736447,0.57034063,-0.3595346,-0.30293334,0.29003307,-0.02855273,-0.045033854,-0.24366106,0.38002133,-0.09491827,-0.102939025,0.13361809,0.2282128,0.16213614,0.04949747,-0.061198253,0.029524336,0.07805573,0.39441696,0.073221065,-0.2567085,0.112923145,-0.027093949,0.07664893,0.07146482,0.27332908,-0.17745669,-0.15165333,0.068014,0.48182896,0.06316631,0.35339516,-0.09173442,-0.18653196,0.409743,0.108417906,-0.11702031,-0.089596674,-0.22536479,-0.6075742,0.21667619,-0.060349323,-0.2507486,0.07979216
12,0.07327431,0.355945,0.26737866,-0.20547935,-0.15530159,-0.06779457,0.55285996,-0.07127303,-0.056949086,-0.3760696,0.22220366,0.17797011,-0.25315896,0.07623537,0.18785632,-0.20026736,-0.047555175,-0.23534611,-0.048978478,-0.35574335,0.087245435,-0.13998337,-0.22451755,0.049070388,0.66059554,-0.16691422,-0.0782163,0.026356677,-0.66892827,0.19180727,0.02274486,-0.12690496,0.18858813,0.33705133,0.32747155,-0.21745902,-0.61013526,0.397044,-0.43926838,0.09109051,0.028070504,0.34731108,-0.82505924,0.18821576,0.21523562,-0.18686076,0.11595091,0.23667681,0.7040638,0.16610119,-0.2823273,-0.107455194,0.05482083,-0.27485874,0.029550586,0.41785446,0.46824977,0.6541333,0.29836997,-0.21050456,0.024155904,-0.030087806,0.49504638,-0.20350985,-0.454007,0.17593172,0.14247003,0.41205734,-0.032690186,0.10245715,0.4432037,0.47581944,-0.014396484,0.25562397,0.37734202,0.42912397,0.36702254,0.5326577,-0.07983545,-0.018539693,0.3599342,0.071321525,-0.49208754,0.37781322,0.3837604,-0.48400557,0.15547782,0.18297996,0.20998596,-0.4465822,0.08332307,0.8352077,-0.032362517,0.5096682,0.24438992,-0.10482589,-0.19358622,0.009820356,0.3199678,0.097030744,0.36102372,0.6247381,-0.9673185,0.53082436,-0.07262342,0.29135376,0.15154369,-0.5687319,0.7802062,-0.39275384,-0.37017465,0.33698153,0.33629933,-0.27860478,-0.31822646,0.0056816153,0.110292606,0.06909808,0.10249255,0.30929682,0.11969822,-0.265741,-0.20221068,0.1501651,0.10849963,0.84536636,-0.2744261,0.34648818,0.23733786,0.24737056,0.2722364,0.123069026,-0.23225503,-0.45970786,-0.19264181,0.2707217,0.10959758,0.5571851,-1.2797432,-0.5334152,0.06812515,-0.19797018,0.09454504,0.122977674,-0.453026,0.2139725,0.17907946,-0.33123598,-0.25756365,-0.10003244,-0.05769426,-0.35533327,-0.11659764,0.12871511,-0.078623734,-0.21896727,0.20016578,-0.23190105,0.20392275,0.35745075,0.23014,-0.15723106,0.13858287,-0.20236206,0.28757232,0.628767,0.060563713,-0.22976282,0.26750305,0.22656722,0.379845,-0.2368871,-0.24310954,-0.3347814,0.6849233,-0.41958672,-0.10280046,0.07624143,-0.27383104,-0.14333828,0.6077233,-0.14702052,-0.28375652,-0.32984272,0.22544345,0.92095375,0.28798333,0.2052448,-1.2716382,0.1310375,0.1117681,0.4814069,0.35522708,-0.22200353,-0.5504682,0.38202554,-0.0806105,-0.056878947,0.027214615,-0.37963438,-0.0852466,-0.39416537,-0.24638784,-0.28807095,0.32237127,-0.35935178,0.2897038,0.29145557,0.56637925,0.48087656,-0.18171914,0.3023446,-0.099354945,0.10308135,-0.3257032,0.93751836,-0.26819968,-0.8010098,0.5862729,0.06510005,-0.5619105,0.14925899,-0.3522758,0.10409682,-0.4702595,0.5295825,-0.45197946,0.2930824,-0.29787028,0.3810529,-0.19399048,0.20222795,0.11851619,-0.047130696,-0.17121115,0.16193032,-0.12118351,0.19996952,0.14151292,0.19311458,-0.58148456,-0.40944082,-0.16912639,-0.3703079,0.019805644,0.20566602,0.19708793,-0.314298,0.33040652,0.11628938,0.035025787,0.17672813,-0.3883831,-0.00019214657,0.031347986,-0.4090225,-0.51898783,0.5814706,-0.52818877,-0.3618837,-0.11765666,0.0025976456,-0.075292766,0.13429166,-0.18161413,0.38558024,-0.46167904,0.20509899,-0.12785667,-0.24214186,0.05658732,0.18239515,0.06853732,-0.004849962,-0.5414485,-0.062262125,-0.10482613,-0.35406324,-0.72549903,-0.47734252,0.006667074,0.2266665,0.23127882,-0.014826114,0.35813776,-0.5210044,-0.026842847,0.08118153,-0.030017462,0.08044422,-0.14283985,0.17039612,-0.13839252,0.39262286,0.0062394105,0.22961672,-0.040714823,-0.8756318,-0.024697889,0.34511232,0.036656164,0.3700293,-0.42810285,-0.31722423,0.61323756,-0.040988475,0.41044948,0.20047465,0.39114204,0.13519797,-0.19551872,0.22100632,0.41184172,-0.034822945,0.23572372,0.1596333,0.19683824,0.14280306,-0.11856934,0.15402986,-0.1742024,-0.11014204,0.2942925,-0.1041762,0.13501908,-0.1261962,0.07056864,-0.18784289,-0.342777,0.35780886,0.20052965,-0.12802847,0.3842281,-0.20893109,-0.11690378,0.12422663,-0.010524867,-0.009008653,-0.33717862,0.04531763,0.13521731,-0.4728028,0.07006315,-0.113880955,0.14182812,-0.15373386,-0.14302985,0.53302944,-0.21956448,-0.42222604,-0.07676729,0.626046,0.28110513,0.036977205,0.094236754,0.22310656,-0.062169813,-0.32213062,-0.2724257,0.30964914,0.39807695,-0.49344897,0.39005905,-0.1621638,0.27922922,0.104654685,0.2360898,0.16486755,-0.013346363,0.18194126,-0.04875023,0.121423975,-0.10176734,0.13337344,0.63661015,-0.3546639,-0.4369153,-0.7977564,-0.25172254,0.0034171094,0.03978684,0.28273147,-0.25655848,0.73403805,-0.0135983685,0.151865,-0.16063432,0.5532077,0.07517356,0.046409637,0.0036024703,-0.35689634,-0.012390182,0.12573355,0.42053047,-0.10530933,-0.03308968,0.18437251,-0.41140953,0.113255225,-0.3012232,-0.5686297,0.10176049,-0.76454324,0.6149748,-0.3690809,-0.10714494,-0.12390603,0.25165522,-0.25222975,-0.3290133,0.41614836,0.2282711,0.68319905,-0.19965784,-0.36996683,-0.83647186,0.40603232,-0.07418165,0.062562905,-0.18966648,-0.3962012,0.09400273,-0.72842544,0.14020614,0.13132381,-0.31261218,-0.03397843,0.15201351,0.26970544,0.8152984,0.0912413,0.4662634,-0.29941142,0.10823575,-0.19587058,0.20395033,-0.37275013,0.057824675,-0.058928404,0.51479006,-0.0059146513,-0.33545262,0.2782872,0.9124697,0.10728893,-0.09579264,0.30628857,-0.06505927,0.12176763,-0.16922982,0.09988624,0.1476382,0.26715785,-0.021867257,0.13629535,-0.26826143,-0.11424817,0.15730387,0.0805076,-0.1281493,-0.046899267,-0.54528826,0.05471391,-0.5346745,-0.15540867,-0.15496247,0.17912629,-0.23300482,-0.0052827005,0.15320824,0.41220233,-0.22608292,-0.42044917,0.092400014,-0.09234966,-0.34736902,-0.105195284,-0.1220191,0.5396186,-0.30492216,0.29285982,0.30256373,-0.044859894,-0.21781656,0.3918549,0.15231912,0.22001176,0.53447104,0.12010202,-0.5088733,-0.14926957,-0.33917856,0.29558963,-0.34375995,0.013748762,-0.056353506,-0.1421384,-0.20655802,-0.3952376,0.7574798,0.37458384,0.0724127,-0.49179545,0.54105884,0.26924366,0.1707885,0.14233033,0.27335167,0.13928473,-0.06430112,0.32753727,-0.17867987,-0.4943377,0.054994963,-0.018476829,0.5398486,0.35188356,-0.39868206,0.17797375,-0.4842335,-0.3651701,0.38195714,-0.21442486,0.25725383,0.2754768,0.4033094,-0.37152547,0.3980739,0.07120207,-0.39266115,0.18663175,-0.7451033,-0.093566835,-0.42876062,-0.43680155,-0.19010755,0.10253314,0.0257928,-0.18437144,0.10727328,-0.1871989,0.08981872,0.7077376,0.14657132,-0.5721284,-0.041419487,0.3818863,0.2340968,-0.38946775,-0.16297281,0.024963502,-0.77582043,-1.0788625,-0.13189763,0.2476941,0.054086264,-0.3155066,0.27275616,-0.0452537,-0.2671841,-0.06649698,-0.25956142,-0.19571105,-0.08312487,0.30326456,0.4065829,-0.036885347,-0.017328134,-0.6841999,-0.18246591,0.51458377,0.2965715,-0.31772545,-0.78670454,0.28676963,-0.36351037,0.44566554,0.24565297,0.18025264,0.48216766,-0.20133466,0.11661328,-0.39042333,-0.08284913,-0.0068305014,0.51507145,-0.3666057,-0.14071047,1.2196652,-0.18125974,-0.613153,-0.1123968,-0.14591652,0.2722724,-0.064009696,0.02331781,-0.383857,0.36040047,0.56694406,0.28155634,0.2901318,0.29042602,0.27818006,0.650913,-0.054524906,0.39732638,-0.31636938,0.29352355,-0.11922902,0.056703895,0.28318593,-0.48280483,0.25175,0.07673004,-0.28206727,0.028119424,-0.021526923,0.018451056,0.41292167,0.37832555,-0.30975696,-0.7448846,-0.028896451,0.032499723,0.2622871,0.16789204,-0.4612144,0.44486496,0.059034746,-0.36392155,-0.38304546,-0.00020628219,0.17302163,-0.14899634,-0.47306895,-0.05455037,-0.085216455,-0.27795675,-0.26995727,-0.68565357,-0.5845345,-0.27902016,0.14187303,-0.25132757,0.05439159,0.75415903,-0.3903904,-0.91191417,0.21323498,-0.7610811,0.35419968,0.16594654,0.110639244,-0.0671497,0.3500193,0.5102812,0.13082315,-0.47785804,-0.06346853,-0.4464124,0.21701272,-0.2533787,-0.090038374,0.4866607,0.29852673,-0.070196174,-0.16034032,0.24520977,-0.3109917,-0.5350211,0.14237483,-0.14527172,-0.33836877,0.22352205,-0.5360379,0.083193794,0.10582195,0.04404357,-0.17995708,0.3191131,-0.25686714,-0.2616783,-0.38622126,0.55436087,-0.41618615,-0.06476905,-0.34168077,-0.22583455,-0.172645,-0.38619542,-0.30933854,0.20752144,0.2474838,0.32063812,0.033013806,0.18893965,-0.18863407,-0.1013365,-0.44891706,0.11718483,-0.58321834,-0.06271624,-0.34510595,-0.39420837,-0.14751634,0.16093771,0.40495542,-0.5437257,-0.0014854006,-0.35697398,0.42694145,0.19326358,0.32855913,0.16299297,-0.5528768,0.25269255,-0.25630757,-0.40243512,0.03303812,0.42009476,-0.4181366,0.27019054,0.27993074,0.056714427,0.20899305,-0.1781422,-0.4968319,0.061628483,-0.33045167,-0.04348444,-0.12570164,-0.016617868,-0.0807751,0.3402941,0.31777352,-0.17126584,0.2671827,-0.06693946,-0.46174785,0.21430384,0.45132738,-0.16134357,-0.2167052,0.12754504,-0.22877584,0.6009668,-0.026621345,-0.2646357,0.18685515,0.5670431,-0.0005905943,-0.07669678,0.1492535,0.010952128,-0.25637993,-0.38509855,0.21554779,-0.19084154,-0.08377315,0.6926313,0.03181829,0.206734,-0.043660633,0.7364675,-0.7471666,0.22564662,-0.026826028,0.108328804,0.048082646,-0.5168594,0.8519712,0.42793524,-0.07094079,0.0995318,-0.46265358,0.43328258,-0.21534325,-0.21048868,-0.19642323,-0.04361821,-0.10563372,0.4123099,-0.36832753,0.082367025,-0.15491468,-0.668451,-0.27893585,-0.42316282,0.5795043,0.31524456,-0.38834503,-0.023119774,0.070333704,-0.0071171415,0.16115673,-0.40028858,0.22013348,-0.33557478,0.057696763,-0.34932595,0.1697404,0.076203816,0.18572353,0.6511893,-0.5815718,-0.5773857,0.8032005,0.34388214,0.27336913,0.309061,-0.32267818,0.5054719,0.12371451,0.10688168,0.28618562,-0.18995683,0.04714032,0.28768197,-0.057342537,0.26595148,-0.23331179,0.07926861,-0.027552105,-0.09768391,-0.3566812,-0.61320513,0.046281215,0.05169037,-0.33506086,-0.287314,-0.29836032,0.15478419,0.77513885,-0.026951242,-0.03901996,-0.41513193,-0.15145832,-0.18224886,-0.76074415,0.079712674,0.21233623,-0.0010711877,0.15653327,0.20884416,0.043927047,-0.6794446,-0.09248637,-0.1894926,-0.05414735,0.4950381,0.12199016,-0.061639935,0.48204103,-0.39569056,-0.19294539,0.026432488,-0.16303436,-0.31476504,0.6573726,-0.94298226,0.0711838,-0.32873425,-0.02326965,-0.2972753,-0.45639223,-0.15313618,0.24158292,-0.10276712,-0.007237052,0.38171613,-0.41797575,-0.08736951,-0.21304546,0.14393075,0.014354901,-0.49025577,0.056736957,-0.54597515,-0.09332961,-0.28919256,0.49986434,0.43708912,0.3168737,0.17771223,-0.22326152,0.22407012,0.15329708,0.07282456,0.27678663,-0.20252025,0.01707506,-0.40679556,-0.24135374,-0.4629522,0.2186265,0.31593424,0.100819364,-0.2580237,-0.429887,-0.100483,0.2975265,0.5189317,0.8596482,-0.5450888,-0.6324027,-0.27220094,0.4266399,-0.35785675,0.22979619,0.4223868,-0.27317843,0.20536783,0.19791655,-0.46999845,0.337058,0.69162303,0.3155949,-0.2547442,-0.12989508,-0.075746335,0.48305398,0.20386799,-0.18227267,0.05198636,-0.31954217,-0.13284053,-0.0284008,0.018954804,0.054837313,-0.4384586,-0.019686904,0.06286245,-0.38163304,-0.29027423,0.17475943,-0.010968695,0.6423691,-0.64072376,0.2580741,0.49272087,-0.49044728,0.41047215,-0.30383787,0.4912929,0.0981855,-0.2940685,-0.76248187,0.16718309,-0.27488023,-0.03580298,0.24805923,0.10537714,-0.093579754,0.17135324,0.3341169,0.3827416,0.57615596,0.3663859,0.5374667,0.110591024,0.0077971127,0.33255237,-0.24558176,0.2079974,-0.2869223,0.5824725,-0.2505848,-0.2422652,-0.42614865,0.08135327,0.5507654,0.039025545,0.1435798,-0.20532295,0.10778879,-0.47545502,-0.22454675,-0.016714253,0.34333318,-0.12759759,0.7124771,-0.4953467,-0.1963237,0.36147612,0.169449,-0.07235571,-0.3324495,0.43403113,0.010421283,-0.42019862,0.13895461,0.42783424,0.2664356,0.05732533,-0.08109166,-0.07571226,0.2374023,0.4630101,0.0066376547,-0.23472339,0.18290623,0.029927779,-0.14047733,0.14852019,0.48010737,-0.13858432,-0.12160057,0.039715927,0.5825186,0.15888432,0.4921346,-0.09016508,0.09759049,0.51175183,0.09039503,-0.03283468,-0.08584498,-0.1901795,-0.72142684,0.23163691,0.0061105466,-0.18216269,0.06253308
13,-0.0077284346,0.37660316,0.25566027,-0.16698948,-0.1258084,-0.010005294,0.4295393,-0.14035515,-0.086151935,-0.25518644,0.15156746,0.14799388,-0.11629552,0.09295229,0.24485311,-0.19272126,-0.22259304,-0.30759573,-0.11673835,-0.33122063,-0.0033596973,0.022955863,-0.07386012,-0.04481886,0.68632126,-0.21455851,0.08459581,0.0019151551,-0.5010683,0.11614502,-0.0060660485,-0.093547724,0.1396245,0.32250744,0.2512457,-0.24168096,-0.6944597,0.4234968,-0.5784024,0.102226414,0.07190694,0.37348875,-0.82352126,0.4129412,0.26030833,-0.21576215,0.030818565,0.35437346,0.62044054,0.22561184,-0.2940095,-0.09759744,0.11576362,-0.2129991,0.07461842,0.44137278,0.2820112,0.6899737,0.31791553,-0.0974271,-0.18645534,-0.18433826,0.35729682,-0.2103275,-0.33477166,0.09513616,0.05372309,0.49135455,-0.026148573,0.07044798,0.46356902,0.48588318,-0.02139378,0.3276103,0.4445526,0.2436492,0.3885834,0.55242217,-0.019021828,0.048574205,0.48518172,0.008723376,-0.37458026,0.13936217,0.310552,-0.32621664,0.07222825,0.10181442,0.23794553,-0.45920148,0.064777076,0.723025,0.022203172,0.5546902,0.13914944,0.019629765,-0.018296592,-0.13572021,0.14650117,0.08978142,0.46146736,0.41204613,-0.7548933,0.3818914,-0.19003576,0.26542833,0.2291536,-0.580203,0.7319406,-0.42392668,-0.51911443,0.25505173,0.3433292,-0.41701135,-0.3732953,-0.11940854,0.018663833,0.002772509,0.3797017,0.24172843,-0.0537738,-0.125963,-0.2919723,0.30210024,0.12801091,0.68840516,-0.23631547,0.32387474,0.3297685,0.35713345,0.22755763,0.24776876,-0.15821214,-0.58443266,-0.25156596,0.1796757,0.11616024,0.4630721,-1.1209363,-0.46272916,0.17732374,-0.00065493153,0.15554503,0.07228652,-0.27746105,0.13928002,0.20608068,-0.30166057,-0.14131603,-0.03206317,-0.13133365,-0.29598248,-0.14372753,0.04538848,-0.1523777,-0.30304524,0.19304189,-0.25514343,0.200679,0.25337988,0.29028422,-0.15677443,0.24748214,-0.24418849,0.23475546,0.51315534,-0.027623044,-0.09480951,0.3363728,0.20064352,0.1491902,-0.32259846,-0.083171435,-0.34208524,0.6286103,-0.45470574,-0.101145886,0.07034727,-0.16166982,-0.11493807,0.56055355,-0.01254079,-0.16913958,-0.52609473,0.12009992,0.75357115,0.42011657,0.2882084,-1.1069119,0.109325066,0.051226936,0.48745877,0.4251518,-0.16064195,-0.43119088,0.33153737,0.11279212,-0.047667626,0.012032977,-0.41865084,-0.09533218,-0.37628177,-0.2416295,-0.23188968,0.26474625,-0.2756642,0.3787499,0.26448947,0.51934046,0.517215,-0.1600213,0.21069807,-0.11005689,0.21132869,-0.19060734,0.94660926,-0.26591516,-0.6818787,0.46803686,0.007857845,-0.6332924,0.110714704,-0.5193773,0.10694146,-0.3346478,0.59825444,-0.52808106,0.33792162,-0.22443834,0.3065154,-0.11888342,0.12814997,0.00715906,0.0286984,-0.11049015,0.19506443,0.00907166,0.0834082,0.038758896,0.24358934,-0.63443255,-0.52029073,-0.2749427,-0.33868912,0.123605676,0.027438361,0.19538382,-0.32264018,0.40673673,-0.01553769,0.0928246,0.10713638,-0.3643955,0.03192462,-0.08568723,-0.5004203,-0.45006716,0.46692878,-0.51133823,-0.36400598,-0.18697765,0.10767495,-0.124105096,0.045417298,-0.15833218,0.3715399,-0.4049491,0.14322013,-0.2291766,-0.2672663,0.103791215,0.072958514,0.064811364,-0.08718484,-0.6392348,-0.021550559,-0.14208247,-0.43786794,-0.505074,-0.4107835,-0.04698637,0.09695637,0.27992263,-0.019482415,0.27165338,-0.38088015,0.006730896,0.11565407,0.05381376,0.14628755,-0.1442147,0.173264,-0.09465717,0.24615447,-0.009847231,0.2714967,-0.0896763,-0.7910964,0.010688062,0.50868225,-0.061746676,0.20920636,-0.4144508,-0.31199822,0.6321493,0.023608468,0.3581824,0.36099407,0.23348843,0.26078755,-0.18898968,0.2800965,0.5339614,-0.00015471685,0.20101005,-0.0090063345,0.2316907,0.08463845,-0.08822684,0.21413279,-0.098967716,-0.26881084,0.2605641,-0.2858566,0.029364673,-0.049130935,0.13680552,-0.22535212,-0.34447837,0.19028278,0.08362491,-0.05876526,0.25701976,-0.15163752,-0.13544461,0.077661544,0.118727,-0.05392748,-0.22085635,0.1794984,0.0994997,-0.5198927,0.06156252,-0.23304705,0.025239328,-0.21081047,-0.026710253,0.49166375,-0.11128414,-0.37391448,-0.18987176,0.55402863,0.279728,-0.05867092,0.07290766,0.17583393,-0.114118,-0.18411283,-0.24048606,0.18130814,0.29056698,-0.41384402,0.3359349,-0.30726117,0.2646429,0.061223593,0.19848035,0.03996834,-0.12852392,0.18343064,0.01389374,0.06700128,-0.08653357,0.0089438865,0.57768005,-0.36439115,-0.37072298,-0.7679227,-0.20736799,0.028820448,-0.11253156,0.25986198,-0.21591958,0.60432315,0.14761604,0.19289333,-0.1891174,0.45027107,0.03864319,0.2299979,0.0532421,-0.2511535,-0.076436326,0.06516879,0.43357202,-0.21903226,-0.04478574,0.31359988,-0.28348282,0.2200175,-0.37192783,-0.41523072,0.063731946,-0.573715,0.45257628,-0.31544754,-0.25306714,-0.03002392,0.30371678,-0.2558628,-0.40930018,0.3290104,0.19628754,0.46785882,-0.10224921,-0.18880005,-0.8345084,0.566845,-0.1684132,0.19408163,-0.16829774,-0.38539177,0.12565957,-0.52679753,0.047694083,0.22495326,-0.16813363,0.027450271,0.0505445,0.2375674,0.70572144,0.061050676,0.46820402,-0.22269635,0.016981188,-0.14546867,0.20760733,-0.43059132,0.13719572,0.008636985,0.45829108,-0.11224029,-0.21362641,0.43674177,0.7596919,0.033501666,-0.26903296,0.27193812,-0.06604914,-0.030584853,-0.07962588,0.20440286,0.07229383,0.29086137,-0.03616563,0.115429714,-0.30344874,-0.10843125,0.2253373,0.06698927,-0.128197,-0.015351037,-0.5496169,0.074435785,-0.34425807,-0.07558855,-0.08485315,0.18991467,-0.2803721,-0.051051524,-0.029171601,0.2904179,-0.13430059,-0.32424012,0.13079672,-0.06377984,-0.30433866,-0.020824106,-0.093232945,0.52727747,-0.16431226,0.27568972,0.2825042,-0.0054787653,-0.12865585,0.44186878,0.033235386,0.20993535,0.4983184,0.04623241,-0.49731168,0.068153165,-0.2898616,0.37688002,-0.3144877,-0.087393776,0.10964539,0.009635031,0.009977442,-0.39468634,0.70907253,0.19968916,-0.08356839,-0.5291834,0.5312519,0.22429505,0.14210275,0.19692086,0.09046159,-0.09952134,-0.12654692,0.241285,0.062138375,-0.5064659,0.011449937,0.020410385,0.49895254,0.40628844,-0.39520553,0.11962551,-0.4766866,-0.31845722,0.4467449,-0.17896341,0.32363132,0.14328769,0.26855987,-0.33279434,0.35354185,0.015466794,-0.362096,-0.015435526,-0.58197147,-0.22755067,-0.46607798,-0.41549706,-0.15863764,0.25644863,0.0068099666,-0.26373455,0.1000752,-0.18515898,0.15122686,0.7085175,0.28519803,-0.5309116,-0.08212058,0.25989857,0.24640128,-0.33173063,-0.009969038,0.10559677,-0.79278755,-0.85582256,-0.07862441,0.3260059,0.14008506,-0.32132387,0.25411218,0.02605047,-0.17676556,0.0022308433,-0.11649905,-0.22496977,-0.09998555,0.24520646,0.3006355,-0.12349588,-0.109291375,-0.56284523,-0.1152437,0.37082562,0.1828937,-0.32392013,-0.6800751,0.22105107,-0.34189203,0.36837447,0.33194786,0.16505322,0.44350743,-0.23754255,0.03629844,-0.36626482,0.007097112,0.08330928,0.44113106,-0.46877867,-0.32968336,1.0062895,-0.2672202,-0.34043422,0.054419175,-0.12802821,0.1019014,0.015109846,0.017120043,-0.30087602,0.2660541,0.44606042,0.17757794,0.32580334,0.3548579,0.27965122,0.6895079,0.1192685,0.31437406,-0.25545225,0.2983336,-0.06501298,-0.10849984,0.20507537,-0.45554942,0.30481684,0.14436816,-0.25345215,-0.040959775,0.0025195442,-0.028105257,0.55748755,0.40171856,-0.24883498,-0.6415896,0.04673017,-0.012767776,0.25914627,0.18001653,-0.45563805,0.285925,-0.11324208,-0.24394692,-0.46428737,-0.016129164,0.09227898,-0.0646411,-0.37980163,-0.08334333,-0.08436846,-0.14050743,-0.17315978,-0.7860085,-0.4858995,-0.19568367,0.1520606,0.079988495,0.021160834,0.68725187,-0.36305627,-0.73670554,0.2734738,-0.6039132,0.29178235,0.3557082,0.101526506,-0.16737418,0.3451202,0.36054346,0.043632615,-0.14858894,-0.054270566,-0.5987348,0.07583407,-0.19426918,-0.15595064,0.3462686,0.09392462,-0.04948604,-0.19380537,0.22623211,-0.19709463,-0.57153285,0.17842492,-0.24313918,-0.21158007,0.34791824,-0.5462818,0.06394828,0.032303087,0.023229273,-0.13982907,0.2133599,-0.16761708,-0.3164841,-0.3107076,0.6429303,-0.4306051,-0.08377682,-0.1980064,-0.22930473,-0.16531844,-0.38121226,-0.3023059,0.20439458,0.25862086,0.35616583,-0.07772329,0.27577963,-0.18357329,-0.10737159,-0.6157444,0.0435007,-0.62139523,-0.08737458,-0.3544268,-0.32021496,-0.17684357,0.13451901,0.31047967,-0.62141913,-0.04052119,-0.47797537,0.3790849,0.26081067,0.40221956,0.043667518,-0.38935888,0.1820121,-0.19332886,-0.5111212,-0.035132416,0.35447508,-0.2930814,0.29893386,0.17139684,0.045336045,0.22180371,-0.121913366,-0.35976875,-0.0064389934,-0.12506008,0.1341498,-0.24178614,0.01570904,-0.10170266,0.26696643,0.21827568,-0.15081663,0.21851784,-0.10777603,-0.44993842,0.16361159,0.5190817,-0.23226106,-0.1853158,0.090621226,-0.096891895,0.5864892,-0.10684518,-0.37975818,0.19875616,0.61252177,0.060493287,-0.012441704,0.23536406,-0.053055245,-0.18703112,-0.45248586,0.21200366,-0.287964,-0.04191216,0.48641822,0.045816526,0.17634487,0.040209126,0.6272068,-0.7867868,0.2629476,-0.11948346,0.14320649,0.16119789,-0.39179784,0.60568994,0.2637988,-0.098908626,0.15903325,-0.48260438,0.49815047,-0.10682281,-0.089765646,-0.08632597,0.118768945,-0.2639649,0.3802061,-0.3618368,-0.13458514,-0.20976694,-0.58108974,-0.16118228,-0.40843543,0.51441187,0.3571187,-0.362749,-0.121562086,0.1577544,-0.07859421,0.18685125,-0.4436307,0.13386218,-0.31203303,0.24119097,-0.14543472,0.18814565,0.09475223,0.27035317,0.63979614,-0.4434233,-0.47709265,0.71833193,0.34220496,0.387346,0.1971472,-0.35516253,0.51801527,0.21643355,0.16406006,0.2447729,-0.015706927,0.13375318,0.19557177,0.02282624,0.34949216,-0.11095924,0.10754883,-0.10800149,-0.14127672,-0.33329034,-0.4871832,0.06997867,-0.010122999,-0.13839981,-0.24511787,-0.2199638,0.09372764,0.71211696,-0.0059935967,-0.032979794,-0.40871337,-0.032665648,-0.30011246,-0.5443508,0.18546209,0.262052,-0.021072574,0.11080995,0.16117801,0.15192774,-0.5945098,-0.014346415,-0.14093557,-0.13646537,0.4016202,0.14398097,0.008637817,0.40360567,-0.30139953,-0.2720488,-0.06229852,-0.10126334,-0.37012655,0.6670983,-0.90551895,0.09287915,-0.3124852,-0.09349071,-0.27380994,-0.24391131,-0.106533505,0.097788654,-0.24972352,0.059859518,0.39858732,-0.3450318,-0.123291664,-0.25267148,0.108132765,0.05664516,-0.44167167,-0.04977451,-0.5045359,-0.000130839,-0.2385063,0.37424234,0.34745884,0.2575944,0.14005335,-0.17076395,0.06467178,0.25912213,0.0156186465,0.28083223,-0.29556134,-0.08669993,-0.33730906,-0.47582197,-0.33643436,0.19396663,0.22614458,0.24492967,-0.22811681,-0.43221712,-0.11220431,0.19004188,0.478701,0.70490223,-0.42641115,-0.59016204,-0.037771244,0.434079,-0.22054958,0.3054202,0.39703158,-0.39743477,0.3548525,0.11591577,-0.38069686,0.2459515,0.7022756,0.21506678,-0.1598898,-0.14668807,-0.07461377,0.55351883,0.17426759,-0.22551033,0.067711644,-0.270108,-0.12730531,-0.21744366,0.033709217,0.10637212,-0.30574265,-0.005049354,-0.110773005,-0.2677379,-0.2648524,0.0632061,-0.14518426,0.5176046,-0.6111565,0.26910684,0.46387085,-0.49280447,0.3174522,-0.31156957,0.34554738,0.25546062,-0.2101199,-0.6746069,0.009416277,-0.2723959,-0.014300153,0.3103253,-0.010282412,-0.1399315,0.18739012,0.2544301,0.34601048,0.504155,0.26958305,0.44484705,0.01384843,0.021969546,0.36583677,-0.25982124,0.20887886,-0.33323225,0.43700764,-0.23628758,-0.21063237,-0.27097407,0.09129418,0.46590054,-0.011024983,0.0054090163,-0.3412638,0.11872674,-0.6564579,-0.029700965,-0.052332252,0.25786558,-0.09781217,0.6195571,-0.40287274,-0.3150072,0.25468102,0.01678802,-0.0492858,-0.22944005,0.6332259,0.02997072,-0.32449225,0.23281093,0.27754134,0.2906487,0.033763338,-0.034730762,0.016974898,0.4214869,0.47487524,0.05062802,-0.2376518,0.1293565,0.03855346,-0.16634998,0.21472791,0.45105323,-0.1845619,-0.12112374,-0.06538489,0.54311436,0.20757537,0.46486104,-0.045566272,0.015009055,0.38763073,0.12598798,-0.14119746,-0.1269655,-0.33971325,-0.8345008,0.35363272,-0.0041127433,-0.21620226,0.16549206
14,0.27816224,0.41901353,0.21430275,-0.033056334,-0.048737068,-0.08058294,0.36714217,0.038277395,-0.0039520883,0.18993227,-0.02600721,0.04082494,-0.15851675,0.17936356,-0.00561648,-0.12664841,0.024231372,0.104364716,0.24241216,-0.121053234,0.2668527,-0.089916885,-0.1985875,0.06534796,0.29997993,-0.010300576,-0.34640852,0.18117255,-0.60618603,0.28907022,-0.05665705,0.16006725,0.06796027,0.18307664,0.005241915,-0.1907213,-0.3441231,0.29591516,-0.15028831,0.14172308,-0.091626205,0.07655295,-0.4123402,0.023287151,0.12874371,-0.0038816365,0.0036515284,0.29343247,0.43025437,0.19220407,-0.2892804,0.13300632,0.1910381,-0.079843566,-0.035484985,0.19363385,0.49716815,0.3315174,0.20728175,-0.12233518,0.04854953,0.050997753,0.28854784,0.015026259,-0.36114883,0.25146466,0.1832975,0.006695646,-0.14041696,0.01600907,0.3058507,0.32123926,-0.048800692,0.21710084,0.123062596,0.28058338,0.21077885,0.3532053,0.08935188,0.04498061,0.13047764,0.19033147,-0.5649143,0.12297323,0.24068917,-0.38124424,0.13685644,0.12816347,0.06753054,-0.2056463,-0.010896023,0.27609745,-0.05476479,0.26482627,0.1317651,-0.14095068,0.10135471,0.079062045,0.36458147,0.10672822,0.24448185,0.3996351,-0.65765417,0.27685153,-0.010173916,0.05321279,0.18089017,-0.6878545,0.58531123,-0.20506649,-0.33054507,0.2649431,0.3126037,-0.12162212,-0.2894038,-0.2544169,0.1331073,0.05796752,-0.16079381,0.27691606,0.040834565,-0.12148923,-0.07300383,0.09138435,-0.0018109994,0.5755606,-0.24905173,0.20134693,0.18770787,-0.100690536,0.16321537,0.03352274,-0.12293168,-0.44505355,-0.15381548,0.33892497,0.16574848,0.34590742,-0.79809684,-0.44131827,-0.086914554,0.14735106,-0.0007495033,0.22341691,-0.037827104,0.24618094,0.087599754,-0.25729078,-0.30815437,-0.12137622,0.012641772,-0.21182998,-0.10078125,0.13811156,-0.12897556,-0.13812286,0.25793102,-0.20023063,0.053312354,0.36978698,0.119387485,0.09677588,0.034277435,-0.13072151,0.38176063,0.54245424,0.022806648,-0.09355711,0.09850622,0.18770914,0.21693675,-0.20083046,-0.21557721,-0.31882954,0.26636976,-0.42062914,-0.16784416,0.02346526,-0.00024031379,-0.14335446,0.31915745,-0.17690732,-0.1001541,-0.3643955,0.1905522,0.7794265,0.10151825,0.127597,-0.881288,-0.01483257,0.09108169,0.13675408,0.26238006,-0.12256651,-0.73257893,0.19558907,0.12635536,0.042448733,-0.21192487,-0.03356096,0.2030551,-0.060241323,0.02077858,-0.28344256,0.23330505,-0.1511906,0.1613898,-0.0092968745,0.52995926,0.24560139,0.07849264,0.23307067,-0.06842831,0.24275371,-0.22643165,0.71103007,-0.2604187,-0.57666117,0.37440687,0.12027303,-0.31626227,-0.029884128,-0.23664925,-0.043407753,-0.15894076,0.40419745,-0.17050375,0.122225456,-0.18308975,0.38371882,0.018011428,0.16971852,0.21963081,-0.017313268,-0.13037737,-0.05887117,-0.286054,0.1438426,0.22761256,-0.14458905,-0.26397508,-0.14592901,-0.18818386,-0.313685,0.17454347,0.006646196,0.2500404,-0.29363728,0.3212297,0.03592834,0.046719298,-0.057028595,-0.21758899,-0.15773647,0.057648413,-0.17192377,-0.24416174,0.39575726,-0.31965473,-0.35162205,-0.08248291,0.17393763,-0.030377304,0.21649188,0.035161093,0.4332856,-0.3537304,0.16934334,-0.055892725,-0.23365155,-0.13315365,0.21614392,0.2252744,0.014656497,-0.06562005,-0.13322896,0.012257009,-0.15289812,-0.5830892,-0.3260778,-0.093826495,0.1284312,0.35830763,-0.055442695,0.18803392,-0.5075763,-0.10271317,0.289282,0.1041917,-0.028922286,-0.06217861,0.3047465,-0.3810151,0.15109597,-0.006066196,0.19755346,0.16762978,-0.59631455,-0.14675485,0.21712974,0.0996065,0.35054213,-0.3132862,-0.24724464,0.63520825,0.0018373331,0.21655999,-0.08082724,0.35915315,-0.056838393,-0.046468906,0.16862653,0.053932436,0.1457852,0.06613466,-0.010395094,0.20090646,-0.0030229667,0.03738661,0.2849097,0.015555874,-0.11421302,0.23800565,0.13547315,-0.021316018,-0.12109524,0.037691426,-0.17856382,-0.17600386,0.4787433,0.14565518,-0.0052342294,0.13970049,-0.11671669,-0.040707324,-0.017363044,0.12884296,-0.074919015,-0.20244049,-0.02836045,0.15033449,-0.54270834,0.16694386,-0.16608956,0.31578213,0.043056734,0.005965465,0.44043985,-0.3176928,-0.24549152,0.019117149,0.18163736,0.17889689,0.039539233,-0.030365529,0.17847775,0.092563614,-0.2157305,-0.11702684,0.12417861,0.2541781,-0.45211613,0.24934131,-0.21741469,-0.085000336,0.32703096,0.17477435,0.10393267,-0.020244954,0.2120591,0.03520863,-0.013825504,-0.032953568,0.17150576,0.44620597,-0.32043457,-0.34430107,-0.74117965,-0.23579198,0.22240569,0.08901805,0.13989495,-0.27069756,0.62979823,0.07635633,0.082615644,-0.04305,0.3075238,0.11280799,0.34548733,-0.024563225,-0.3785751,-0.04918794,0.2538411,0.1593543,0.054930266,0.07164823,0.20242567,-0.2949075,0.026219347,-0.24108534,-0.31736112,0.052392468,-0.53420687,0.38204002,-0.48093915,-0.07090866,-0.050339468,-0.006257055,-0.041587856,-0.18608579,0.1387029,0.16482891,0.5065023,-0.059611946,-0.50506544,-0.49800056,0.14426847,-0.0049419072,0.048036654,-0.34424043,-0.26885736,0.16179167,-0.44261417,0.061243955,0.026144518,0.013888531,0.03284152,0.1508234,0.2511893,0.6659752,0.009120872,0.34464872,-0.2671065,0.029662225,-0.15959923,0.15232442,-0.09904197,-0.07604211,0.26426092,0.42430702,0.14740652,-0.23299097,0.37098587,0.43465427,0.15943804,-0.2585446,0.36191905,0.10166489,0.07718024,-0.105547726,0.0046578976,0.041034404,0.15533845,-0.054478124,0.09982675,-0.28953522,-0.10579914,0.27344555,0.24073778,-0.017082805,-0.18691042,-0.33490103,0.17360155,-0.5117226,0.040908355,-0.21937224,0.06634313,-0.10235654,0.11043649,-0.20066062,0.44991967,-0.18597119,-0.34167278,-0.035567615,0.041653685,0.04690487,-0.033553425,-0.07329725,0.43934548,-0.31456515,0.284942,0.12078114,-0.18748735,-0.3353823,0.39698073,0.19264717,-0.063667715,0.44636056,0.21059303,-0.38735873,-0.069238216,-0.21835749,0.09165117,-0.33956534,-0.18750732,0.13279933,-0.25176132,-0.038347963,-0.28175566,0.5046174,0.26552513,0.075069346,-0.39554697,0.4048141,-0.031089477,0.20927069,-0.023833502,0.011389692,0.2511637,0.13887106,0.13738772,-0.23609257,-0.3849306,0.16660641,0.12417472,0.38236022,0.08079734,-0.24037336,-0.1090078,-0.32458133,-0.42636663,0.3664072,-0.3297689,0.122395664,0.31833017,0.20950966,0.059601612,0.41309783,0.09414182,-0.27661738,0.14593557,-0.73058057,-0.1623699,-0.19096091,-0.26628977,0.09487296,0.04365509,0.059065036,0.04007232,0.467092,-0.10859453,0.11302646,0.53220516,0.24615765,-0.2728729,-0.1457374,0.40949994,0.1524459,-0.4681332,0.036473684,0.2687175,-0.48810446,-0.95855,-0.10813724,0.07087059,0.072094075,-0.27288586,0.30212733,0.0060149585,-0.21681242,-0.17020144,-0.09237019,-0.003901662,-0.10870702,0.18845794,0.3419642,0.036773615,-0.06368569,-0.60537374,-0.25727412,0.2522655,0.1909068,-0.13401797,-0.5130687,0.07425628,-0.24830312,0.24815609,0.35008833,-0.11638929,0.46528876,-0.17648707,0.106860444,-0.5379796,0.13902313,0.058971334,0.4416799,-0.27175984,-0.08373949,0.7923858,0.07326275,-1.1874242,-0.11369563,-0.1478863,0.25219902,-0.0020203826,-0.1575512,-0.42415085,0.20651218,0.28434098,0.16539982,0.3344595,0.17282607,0.31242046,0.53532207,-0.09574047,0.40827045,-0.37329993,-0.10199523,0.042019073,-0.09334714,0.29920098,-0.20312844,0.26163545,0.14405127,-0.29444677,0.24561618,-0.100428805,-0.19606803,0.20592263,0.2452181,-0.036050763,-0.66261876,0.06353981,0.07629639,-0.21268071,0.24723823,-0.49013942,0.35606396,0.0192826,-0.070315905,0.019514821,0.14376052,0.19418377,-0.06107111,-0.2264782,-0.1561734,-0.13005765,-0.103921205,-0.03311196,-0.43990135,-0.29210228,-0.17857029,0.25656295,-0.34600964,0.16331121,0.37056676,-0.10900593,-1.3364837,-0.007885455,-0.6748906,0.22702286,0.16739407,-0.13465053,-0.15281522,0.20930512,0.38224965,0.07066861,-0.14080657,-0.16189755,-0.18946649,0.10556353,-0.2461939,0.16805275,0.53327435,0.058196425,-0.04854773,-0.15001734,0.095766336,-0.32486844,-0.459145,-0.0056105335,-0.15425576,-0.2305524,-0.05346623,-0.6366445,0.20361644,-0.06895588,0.11760391,-0.23144545,0.3994473,-0.24945012,-0.43574357,-0.2700773,0.18047124,-0.29564068,-0.046372194,-0.2507653,-0.15092179,-0.32680306,-0.30202654,-0.24327864,0.23689413,-0.048524834,-0.024148097,0.14846648,0.13546498,-0.21211827,-0.16140217,0.025624128,0.06551245,-0.3125365,0.077850945,-0.33886757,-0.22342087,-0.21304578,0.10272298,0.41263527,-0.22414495,0.18522169,0.09587192,0.20925702,-0.024603954,0.24024118,-0.124533586,-0.48112085,0.14654611,-0.10669953,-0.2249161,0.1628926,0.3911799,-0.2105199,0.25900105,0.2529907,0.14988595,0.10026017,-0.27619234,-0.42608967,0.08522678,-0.17350046,0.07970643,0.0681861,0.14762656,-0.1856341,0.34852377,0.2156474,-0.09222604,0.13522123,-0.12793024,-0.51888424,0.3195586,0.0895379,-0.28559175,-0.32285306,0.426104,-0.0035019964,0.2989737,-0.050055437,0.12816595,0.20676912,0.33809063,-0.06996036,-0.1690165,-0.04331251,-0.09118746,-0.2537487,-0.2731708,0.30740717,-0.3109019,-0.27976888,0.31210712,0.1306338,0.15946652,-0.23483245,0.6794609,0.056612674,0.06141332,-0.19351426,0.04647027,-0.11791125,-0.41618913,0.7080357,0.4215918,-0.04246912,-0.14304845,-0.2185394,0.53180176,-0.1975683,-0.19969931,-0.28225166,-0.0051411116,0.047580738,0.06950019,-0.44385988,0.10072573,-0.19234632,-0.3440723,0.0009724868,-0.2974757,0.37873113,0.04779947,-0.5213961,0.0779956,-0.08239964,0.20956033,0.049699824,-0.112335525,0.091595076,-0.19752191,0.119940996,-0.27184775,0.21943074,-0.075891905,0.24930528,0.36220875,-0.37570179,-0.42546198,0.5660933,0.26515147,0.40987614,0.18359903,-0.19296743,0.5109792,0.16848803,0.1062377,0.14816253,0.09202346,0.24949978,0.4886432,-0.13672167,0.23993991,-0.16849802,0.008813892,-0.14683674,-0.15232824,-0.39239353,-0.36033657,-0.08701793,0.33525735,-0.14500768,-0.031186413,-0.14618151,0.12482547,0.50999576,-0.08978451,0.042157784,-0.3486998,-0.14392242,-0.13035887,-0.99293494,0.016372869,0.08632285,-0.098276176,0.24457034,0.100720644,-0.083896354,-0.73381424,-0.07942778,0.037529998,0.011916889,0.48812574,-0.09939898,-0.1381713,0.39085755,-0.15768127,-0.013868725,0.18041867,-0.27137935,-0.023975933,0.19611119,-0.6382195,0.12949651,-0.22354916,0.04781112,-0.32228813,-0.33131468,0.056983333,0.057321735,-0.24139608,0.21585186,0.34512886,-0.2539123,0.09584991,-0.30300465,0.13090341,0.030792369,-0.0280432,0.2399745,-0.3980618,-0.012837769,-0.30479375,0.24764149,0.359894,-0.03093456,0.21777122,-0.028756766,0.16447067,0.032820225,0.23594697,0.25766453,-0.08377821,0.17607485,-0.32241204,-0.14914843,-0.094738826,0.16651927,0.24874592,-0.03036503,-0.36712036,-0.20281976,-0.12383647,0.17714491,0.41880515,0.28122494,-0.42649022,-0.30736828,-0.1362874,0.36785677,-0.2871115,0.16265564,0.1925081,-0.16012877,0.022873841,0.21288471,-0.28282362,0.15432605,0.62379336,0.24959774,-0.24832651,-0.11393118,-0.16073844,0.36305282,0.1394214,-0.18456529,-0.05327264,-0.29435956,0.07192125,0.001987943,0.015526329,0.19761375,-0.30743736,-0.0045062043,-0.052301615,-0.3898228,-0.3582174,-0.013975049,0.105732046,0.32526565,-0.35928944,0.19940482,0.31706542,-0.16147394,0.45113334,0.0046726186,0.22979921,0.10735685,-0.16307652,-0.3718704,0.088582195,-0.12699513,0.10802826,-0.09351166,0.37900835,0.23660126,-0.11126903,0.12440945,0.23715602,0.54716974,0.32030827,0.4703727,-0.15372916,-0.001779863,0.093289845,-0.011616163,0.25078097,-0.1881923,0.5983855,-0.3548256,-0.14901955,-0.42798057,0.13076405,0.44179463,-0.026460363,0.28587908,-0.13198282,0.18387167,-0.16805662,-0.20142516,-0.11932339,0.22219305,-0.24573076,0.6488035,-0.33781114,-0.25218758,0.29230142,0.059830565,-0.018942233,-0.49510434,0.3132007,-0.10417023,-0.124105245,0.08022175,0.500796,0.17169048,0.020043436,-0.22321104,0.23786,-0.026309606,0.36845133,-0.06289985,-0.33339965,-0.03301296,-0.14388578,0.08875399,0.12066534,0.26362193,-0.14115651,-0.14712773,0.27639824,0.59126323,0.22401093,0.4208578,-0.16809282,-0.10001345,0.4662554,0.107080266,-0.15774813,-0.0070094266,-0.045066126,-0.6123294,0.103956714,-0.15326026,-0.08516025,0.09026953
15,0.053509723,0.36919528,0.33044553,-0.20552179,-0.1504087,-0.041395545,0.4825007,-0.08050619,-0.14709581,-0.33664948,0.16618884,0.16209453,-0.16057882,0.007078648,0.10477717,-0.15292199,-0.22766154,-0.32028458,-0.055728972,-0.37906298,-0.02622684,-0.10632051,-0.13012418,-0.0018925559,0.7223414,-0.2590685,0.04750993,-0.037364606,-0.6166042,0.083252355,0.010114774,-0.09908337,0.23528327,0.48348808,0.24539724,-0.24412628,-0.60434645,0.44170764,-0.5286554,0.21773358,0.15592061,0.45909002,-0.86277467,0.33624262,0.31906182,-0.09866699,0.036323972,0.346168,0.692808,0.18520017,-0.25191858,-0.16851318,0.10846584,-0.23611669,0.032917604,0.44674146,0.3528637,0.70253175,0.3160904,-0.21721305,0.021008676,-0.22184844,0.37488753,-0.30569896,-0.44047934,0.18463548,0.15125221,0.473767,-0.07773032,0.15677151,0.45827088,0.44375718,-0.04866662,0.28593206,0.5885291,0.38943335,0.36219934,0.6473345,-0.04645907,0.084041476,0.53117806,0.07132249,-0.4582504,0.26464006,0.3040309,-0.46226126,0.19824319,0.15660971,0.21907406,-0.54009724,0.0735217,0.8539267,0.016247043,0.5486547,0.11121114,-0.020119496,-0.13380131,0.011357675,0.15849812,0.21783262,0.5058804,0.44179535,-0.8380834,0.5285515,-0.06368632,0.23419742,0.22074167,-0.6530975,0.77820075,-0.41480282,-0.44924298,0.29377303,0.34187973,-0.45853013,-0.36719275,-0.019259132,0.040045477,0.042173304,0.29242703,0.32768458,-0.10504364,-0.18627332,-0.30394074,0.04604296,0.09379762,0.7673686,-0.23149417,0.31570858,0.3576372,0.33368737,0.17393555,0.195958,-0.20138846,-0.645831,-0.26890802,0.1806898,0.16697744,0.51008064,-1.1631582,-0.46929225,0.052432746,0.06994735,0.12643301,0.13544495,-0.37348536,0.15224117,0.29593024,-0.29647344,-0.24075213,-0.045334533,-0.13117115,-0.30159217,-0.12335053,0.03823282,-0.07892327,-0.24689668,0.2386033,-0.23226197,0.19437866,0.2865178,0.3419133,-0.15401298,0.22975554,-0.32265306,0.3135614,0.52569467,0.029187432,-0.13314319,0.39185727,0.25515798,0.2447848,-0.31668895,-0.1679924,-0.36309025,0.7401239,-0.4365411,-0.03330442,0.069681264,-0.15220495,-0.10799062,0.59290034,-0.060657647,-0.25445718,-0.5830431,0.13223016,0.8552562,0.2947187,0.22189555,-1.1401798,0.12643526,0.14846428,0.5518839,0.44880113,-0.22320284,-0.50293416,0.36974308,0.048903476,-0.039357517,-0.014645495,-0.53524363,-0.046675958,-0.43954307,-0.24081501,-0.29485166,0.31955242,-0.21842675,0.36603957,0.18117388,0.5367427,0.4617762,-0.20280664,0.22469093,-0.17087577,0.23094715,-0.22635664,1.0278101,-0.35536394,-0.703175,0.6153577,0.11733243,-0.7100819,0.12393538,-0.43268982,0.104308076,-0.42293864,0.5326828,-0.5016738,0.36552054,-0.3167744,0.43940234,-0.14882202,0.21757767,0.034469787,0.03424501,-0.2111857,0.090508476,-0.05164621,0.0735324,0.07075255,0.308023,-0.65488833,-0.4407705,-0.11941022,-0.33997402,0.07341269,0.10567075,0.18895313,-0.31658745,0.42830092,0.063672855,0.03370361,0.054379612,-0.382835,-0.06936556,-0.011578924,-0.5450117,-0.567621,0.5157023,-0.59524465,-0.36459666,-0.15525858,0.15696637,-0.058806114,0.100714475,-0.14323924,0.47882664,-0.4712389,0.20105945,-0.23058526,-0.20680727,0.052310806,-0.004514849,0.14941972,-0.0384935,-0.6121248,0.0164392,-0.19843592,-0.33797145,-0.5472083,-0.49737763,-0.057573274,0.08442444,0.28486988,0.009772101,0.31314108,-0.52790904,-0.019615525,0.073591225,-0.058147453,0.15056644,-0.121996224,0.20635924,-0.14771733,0.3742794,-0.02499889,0.34095573,-0.006297152,-0.88748956,0.091459215,0.51553303,-0.08434384,0.30496806,-0.40943423,-0.32716677,0.65682113,0.08357049,0.39201006,0.24768901,0.33686674,0.34597233,-0.16852525,0.26359302,0.49941802,0.04321232,0.15606603,0.108727,0.20646217,0.15108706,-0.11025066,0.3086144,-0.12137436,-0.24472927,0.26656604,-0.20213693,0.025537273,-0.07753837,0.09378326,-0.24418975,-0.36738822,0.2769847,0.087594934,-0.041640032,0.40661523,-0.21315402,-0.22027574,0.113192566,0.0666289,-0.037751555,-0.21873537,0.14972576,0.06990664,-0.4730817,0.056883376,-0.21247073,0.16176167,-0.22287634,-0.06458632,0.5010861,-0.12510966,-0.38339958,-0.16353448,0.5952873,0.30136415,0.00049848226,0.17704406,0.113822825,-0.12204016,-0.19858578,-0.19567719,0.26471627,0.31631643,-0.46485776,0.38590223,-0.25566703,0.26263684,0.14403574,0.26368105,0.04896882,-0.03447425,0.2126,0.089950055,0.08703958,-0.096656255,0.02075423,0.63586473,-0.3922795,-0.4008975,-0.7922739,-0.28598738,0.025511084,-0.16371317,0.31191486,-0.19953762,0.6439043,0.11442687,0.22059168,-0.1560946,0.4794278,0.009070124,0.14913617,-0.038698193,-0.3202319,-0.082095176,0.110057965,0.49573535,-0.16278863,0.0006378615,0.24812008,-0.26159543,0.20614475,-0.34011677,-0.50537896,0.091315754,-0.7457342,0.57255477,-0.31426835,-0.17335875,0.0061631133,0.4422154,-0.24944948,-0.43927005,0.37197503,0.1989318,0.5891852,-0.018264936,-0.20014253,-0.88417846,0.5645972,-0.13518283,0.14891484,-0.19935773,-0.34525803,0.08378275,-0.6165774,0.1766646,0.16603716,-0.18215342,-0.028768614,0.046357706,0.29936007,0.7986105,0.085988365,0.477942,-0.21878505,0.066445515,-0.25642115,0.30003238,-0.4164749,0.029964274,-0.07006391,0.41726318,0.013464512,-0.30123994,0.49963713,0.75701565,0.14707497,-0.19378693,0.2595893,-0.03777032,0.015161775,-0.056418058,0.18601957,0.071164176,0.26229092,-0.07259136,0.11274786,-0.28649342,-0.08597841,0.145357,0.018414106,-0.17833593,-0.075037256,-0.5471587,0.17294793,-0.41361666,-0.058253825,-0.13622098,0.16037267,-0.22466236,-0.06196223,0.11678821,0.3727155,-0.13066414,-0.29489416,0.12138825,-0.06295826,-0.3283421,0.012192226,-0.12563428,0.5495033,-0.2868438,0.24140047,0.31648517,-0.0028837556,-0.18155923,0.4513375,0.122764066,0.26052347,0.48200738,0.16103017,-0.5837226,-0.070206344,-0.3306315,0.31860214,-0.29770198,-0.1993396,-0.030309347,-0.053577177,-0.029656578,-0.36542436,0.8696059,0.26248467,0.07493901,-0.47930038,0.6404941,0.3002113,0.16441028,0.18063636,0.1730479,-0.04673693,-0.09947459,0.26193276,0.063913696,-0.4675379,0.08483533,0.13994822,0.5066956,0.45440406,-0.33925182,0.13915007,-0.5532206,-0.3346047,0.38612857,-0.16809945,0.30336028,0.21077265,0.3348106,-0.34854457,0.3313823,-0.0262606,-0.38242474,0.032786097,-0.6897376,-0.06082216,-0.41597998,-0.3935426,-0.1947794,0.22240685,0.009136707,-0.2301844,0.17749354,-0.27153215,0.17479996,0.7560172,0.30336392,-0.61054045,-0.05875263,0.26732042,0.2863092,-0.32976258,-0.09199678,0.07780954,-0.8081774,-1.0431746,-0.17861193,0.32786927,0.08418848,-0.22520168,0.16201338,0.038190704,-0.16806874,0.09369054,-0.1849047,-0.2302286,-0.067676,0.3126462,0.27601328,-0.18982549,-0.081188895,-0.66099554,-0.13306372,0.59622717,0.29609683,-0.41495764,-0.72644085,0.19027846,-0.34713277,0.40116334,0.31924996,0.19606957,0.43310404,-0.214831,0.081815764,-0.46411386,-0.01734075,0.14670505,0.4946379,-0.47940707,-0.40116316,1.1560085,-0.22782539,-0.4886526,-0.03664614,-0.2555243,0.20928039,-0.037635352,-0.06429615,-0.3605999,0.37985024,0.46031603,0.15065217,0.29291457,0.4056656,0.26437837,0.6550554,0.1246845,0.3869995,-0.30144638,0.33877915,-0.11730106,0.01240714,0.24638084,-0.52769357,0.34936717,0.1860507,-0.30820885,0.013269413,0.00187889,-0.042012814,0.49779454,0.33418286,-0.22976114,-0.65329796,-0.0791946,0.057728004,0.19272926,0.33108294,-0.55246454,0.30305904,-0.03681902,-0.3688527,-0.39346978,0.0027207504,0.152092,-0.08426336,-0.35446656,-0.044244718,-0.19039617,-0.20345366,-0.25264454,-0.73976594,-0.5611974,-0.23481487,0.14979587,-0.076943785,0.08908867,0.7656654,-0.44020063,-0.8434958,0.22975977,-0.74874806,0.3672343,0.2154229,0.108589396,-0.15174064,0.3884988,0.42628518,0.057474717,-0.2613352,-0.087116405,-0.6473567,0.15851612,-0.21279177,-0.18074109,0.32562724,0.11618774,-0.11401551,-0.15780796,0.26945698,-0.18534592,-0.61496437,0.11640703,-0.26360974,-0.3266464,0.4081321,-0.6367916,0.08847074,0.031182373,0.03539313,-0.19168581,0.23601231,-0.20326369,-0.44484955,-0.30436596,0.5532788,-0.44043237,0.011958975,-0.27299815,-0.33296955,-0.14676593,-0.4018875,-0.28763148,0.22415803,0.16011117,0.3294792,-0.012605572,0.24855751,-0.13034543,-0.1902281,-0.60034657,0.19093382,-0.68032044,-0.103825666,-0.40524462,-0.35183087,-0.21873942,0.12693335,0.42745695,-0.6272202,-0.051724605,-0.40565932,0.4186563,0.29928964,0.34514192,0.09672212,-0.39017764,0.22350353,-0.3174896,-0.5074877,0.01997327,0.2964778,-0.31756932,0.12451231,0.26476336,0.06454736,0.18463947,-0.12531777,-0.47903946,-0.018853873,-0.2596008,0.13827428,-0.11834971,-0.052077807,-0.18244003,0.36916596,0.3005539,-0.1255749,0.3632837,-0.027312813,-0.5121902,0.15879694,0.5317733,-0.1890143,-0.21841255,0.08708407,-0.144789,0.63279325,-0.07436723,-0.32071832,0.2327359,0.65823096,0.064880185,-0.15809768,0.18832017,-0.10917616,-0.22623712,-0.36923826,0.19531205,-0.24753208,-0.12355266,0.61534566,0.07588447,0.14477,0.056012526,0.69408715,-0.8745031,0.20367323,-0.080506876,0.14247714,0.15680231,-0.4507905,0.73272544,0.2808715,-0.16291466,0.17033054,-0.53415245,0.50135857,-0.105936475,-0.08143682,-0.18963629,0.054288603,-0.25530654,0.4058706,-0.42109153,0.0017439936,-0.21147256,-0.6751503,-0.22159517,-0.47240314,0.59588456,0.3192863,-0.39397871,-0.16617951,0.13830203,-0.12592503,0.20041911,-0.5309286,0.1933672,-0.29898253,0.2169521,-0.23834188,0.17665978,0.06251682,0.3064834,0.65005773,-0.5561218,-0.46236023,0.8217195,0.30136582,0.45598793,0.22383,-0.37697163,0.59674346,0.11181452,0.11362984,0.26596522,-0.1260042,0.024911359,0.3582711,-0.09746184,0.36221477,-0.24839011,0.19650537,-0.10212456,-0.13925754,-0.33666784,-0.57434994,0.05182549,-0.12700444,-0.2404774,-0.22016956,-0.23885125,0.18337755,0.7809185,0.006964381,-0.12880807,-0.46667686,-0.056168333,-0.26008737,-0.6164063,0.18460616,0.18812746,0.061563637,-0.035454035,0.2563501,0.050623834,-0.61659354,-0.054004442,-0.17932132,-0.06998389,0.3649639,0.24481793,0.0589526,0.46716082,-0.39943516,-0.2351646,-0.10983474,-0.0967239,-0.35794687,0.66104954,-0.98691404,0.0029094056,-0.22219153,-0.073575564,-0.21279383,-0.31602624,-0.18864478,0.08783588,-0.2771081,0.032424893,0.48709455,-0.3070689,-0.0809172,-0.3302765,0.11864976,0.063545525,-0.4760114,0.0042814063,-0.5682406,-0.033893842,-0.27528998,0.40343338,0.359218,0.3124844,0.12813698,-0.2349434,0.09918287,0.24974562,0.02428567,0.2500558,-0.32083112,-0.03777378,-0.32061356,-0.41732916,-0.47971335,0.21314433,0.27865168,0.13629267,-0.23549007,-0.50399023,-0.14989913,0.23900151,0.49633834,0.75186163,-0.4478041,-0.6038382,-0.09681646,0.38742712,-0.2755685,0.28527495,0.4115746,-0.3863212,0.26038936,0.18267919,-0.46344352,0.34562284,0.75093615,0.32585573,-0.16711198,-0.20207505,-0.045425225,0.55849963,0.26080433,-0.15320745,0.042366553,-0.30615976,-0.06890655,-0.148844,0.038994208,0.07887267,-0.4573474,-0.023297867,-0.20261222,-0.33616775,-0.3249849,0.12366441,-0.12964348,0.6277273,-0.66525275,0.27993172,0.542909,-0.4516116,0.34229922,-0.33506885,0.45185196,0.26449695,-0.24251851,-0.7764128,0.08525778,-0.2586367,-0.044120815,0.30773085,0.110427804,-0.12685639,0.22148564,0.21776003,0.44171208,0.58151025,0.2535621,0.37490916,0.16415972,-0.032056082,0.31055352,-0.25879034,0.27530196,-0.30840942,0.5382638,-0.2390161,-0.2988066,-0.35248935,0.084645495,0.56254685,0.008969804,0.14336663,-0.3007688,0.055928793,-0.73529136,-0.13024867,-0.15007982,0.23335293,-0.17400895,0.668609,-0.5195205,-0.23968175,0.25522575,0.13091694,-0.09040454,-0.18301336,0.61038095,-0.02949783,-0.3910187,0.29405186,0.31222576,0.2743309,-0.030284418,-0.108894624,-0.03128747,0.4465753,0.5330703,0.020758137,-0.24744976,0.1640584,-0.013009798,-0.13183698,0.2784936,0.53577214,-0.14957726,-0.24849679,-0.0786316,0.5899305,0.1639031,0.5165127,-0.10560709,-0.032606393,0.43334782,0.07961505,-0.061554268,-0.15544502,-0.21663536,-0.91807806,0.22588386,-0.035974797,-0.21664172,0.1264791
16,0.19858779,0.421247,0.25362074,-0.010639804,-0.09706137,-0.10188824,0.35713702,-0.0010196881,0.027562868,0.020379107,-0.00039700838,0.17593598,-0.15471414,0.19142434,0.048620522,-0.1372788,0.040420484,0.101002775,0.14604469,-0.007835308,0.20737632,-0.06840916,-0.11455009,0.06830722,0.29680118,-0.054768056,-0.43128252,0.1693456,-0.7003137,0.29196593,-0.08241661,0.029297395,0.13805725,0.21454595,-0.03027228,-0.14251,-0.28925544,0.37662172,-0.17416589,-0.022355659,-0.2148675,0.14511359,-0.42986614,0.17539747,0.2403751,-0.08446661,0.0683247,0.22077486,0.39061105,0.15487,-0.22350004,0.17671698,0.07760816,0.010236431,-0.032367792,0.3312097,0.33424076,0.26694822,0.2116091,-0.15951361,-0.17723656,-0.07859605,0.37327915,0.12461969,-0.05663174,0.35284865,0.18094918,0.038721874,-0.122932844,0.19213305,0.28891176,0.29176736,-0.06779216,0.20861502,0.10283512,0.34280667,0.2062453,0.3372305,0.101874515,0.021789871,0.051073186,0.21821134,-0.52499425,0.010564123,0.29428518,-0.24951735,0.20890245,0.104509704,0.028930234,-0.09552929,-0.06465847,0.17867334,-0.13041466,0.33572105,-0.035845876,-0.14265482,0.082225725,0.12796251,0.29621923,0.15093005,0.32236007,0.420552,-0.65533394,0.23035052,-0.13963437,0.039043423,0.1936339,-0.6035626,0.51050776,-0.2970193,-0.34979358,0.2921885,0.22872764,-0.25565115,-0.13620771,-0.2918062,0.15274294,0.15683658,-0.13923156,0.2836581,-0.008130937,-0.2246653,-0.15550104,-0.046602994,-0.057255868,0.5221078,-0.3503018,0.25864086,0.093190566,-0.0040025096,0.13495824,0.07237605,0.031736642,-0.30337733,-0.14808337,0.3259064,0.13644077,0.44883883,-0.77263993,-0.4060554,0.057109583,0.06069399,0.08753126,0.1142996,-0.26962286,0.20585376,-0.031415217,-0.311205,-0.24755904,-0.064640656,-0.07630396,-0.38131052,-0.26385874,0.167778,-0.23049048,-0.29784778,0.32543683,-0.09917999,0.14895792,0.40807307,0.12805545,0.030847404,-0.011671148,-0.2357244,0.38749158,0.5995651,0.00503191,-0.17329957,0.17102233,0.123980165,0.101782255,-0.28970003,-0.1275019,-0.41166863,0.21774516,-0.45289448,-0.2043591,0.14404011,-0.07967265,-0.13988578,0.38993895,-0.14416559,-0.04698989,-0.33889765,0.10839794,0.7852541,0.1451154,0.1957553,-0.922331,0.10076334,0.11500952,0.19481598,0.13376749,-0.17861734,-0.2868387,0.19193937,0.16457978,0.007577712,-0.18323207,-0.08440854,0.11218216,-0.07245814,-0.043450058,-0.31236407,0.19194074,-0.10623946,0.12449147,0.13117059,0.5885922,0.21753567,-0.045304243,0.16261612,-0.1743122,0.2619492,-0.14990014,0.65864927,-0.16798311,-0.60444415,0.32311663,-0.024471618,-0.31415525,0.04475732,-0.25627518,-0.2891109,-0.09573338,0.39088175,-0.19187982,0.17543483,-0.28077018,0.52014464,-0.11971433,0.30717212,0.1655002,0.048638225,-0.06184218,0.11609857,-0.14180312,0.25545156,0.23286748,-0.10914692,-0.13161364,-0.19402215,-0.19936426,-0.2391089,0.16810226,-0.054396715,0.25123414,-0.1934242,0.21291824,0.111912936,0.17696233,-0.074374594,-0.24964431,-0.085185565,-0.0427992,-0.12917516,-0.19164135,0.52274114,-0.26713324,-0.3625664,0.076392695,0.1071814,-0.19935885,0.2868279,0.043272614,0.31137758,-0.23770805,0.17658383,-0.11661062,-0.17905869,-0.12337942,0.30048144,-0.006821635,-0.030082874,-0.15225333,0.024783038,0.09799041,-0.15810017,-0.55859756,-0.3833237,-0.1641986,0.20394942,0.31115106,0.083312385,0.20168291,-0.5171015,-0.18166818,0.28769293,-0.041216057,-0.052961525,-0.035217877,0.3126857,-0.37211266,0.08432456,-0.032178517,0.012631108,-0.022312071,-0.5509159,-0.22337441,0.32220984,0.23315607,0.33869666,-0.24761465,-0.27099204,0.611176,0.13356322,0.10709495,-0.0026501636,0.4424498,-0.026984107,-0.085761815,0.103200264,0.056998055,0.06698144,0.0716238,-0.12828842,0.20073873,-0.040971726,0.049888726,0.27468956,-0.006719202,-0.073408455,0.21243511,0.113573775,-0.02633706,-0.06472071,0.105871506,-0.1828257,-0.20938596,0.5016432,0.019563599,0.074553095,0.1765869,-0.19981326,-0.14458197,-0.01807535,0.1268196,-0.06246229,-0.122332245,-0.14538527,0.050061774,-0.537041,0.1918226,-0.29035577,0.2845698,0.027991539,0.13871619,0.428226,-0.29423836,-0.34696284,-0.008273577,0.24596906,0.2846002,-0.018358538,-0.038741287,0.093774624,-0.09618945,-0.15496524,-0.15618137,0.052463934,0.31413105,-0.3977241,0.2906158,-0.28549016,0.030638985,0.34138247,0.118619755,0.14413033,-0.12181432,0.1440322,0.016232356,-0.09946104,-0.0066524665,0.08018649,0.47381267,-0.32209677,-0.4189683,-0.54475266,-0.1491386,0.17110337,0.11384558,0.022322068,-0.19488373,0.7723498,0.1795813,0.11789753,0.107220836,0.34120595,0.16689949,0.22085585,0.008963256,-0.24389784,-0.18433174,0.35983187,0.110678606,0.15397283,0.09024865,0.07403953,-0.28539577,-0.021751394,-0.18768267,-0.3329402,0.21662372,-0.35697606,0.40161026,-0.3574635,-0.0761448,-0.04138897,0.045560896,-0.046739273,-0.15638047,0.19438927,0.1738159,0.5051833,-0.15935308,-0.6475459,-0.3963965,0.061518587,-0.038273655,0.04785426,-0.35361427,-0.33491477,0.23127986,-0.4556807,0.40030837,0.18455704,-0.045418296,-0.07450615,0.06540374,0.49331617,0.61774635,0.00020621554,0.35726145,-0.33304846,0.029284297,-0.009332683,0.064704224,-0.099899665,-0.08913873,0.35846722,0.4648276,0.20657009,-0.2334424,0.261445,0.51518494,0.12771621,-0.26315376,0.42662495,0.14707795,0.08161422,-0.21257252,0.07779569,0.2902183,0.23015632,-0.14173959,0.06005476,-0.24358265,-0.10067728,0.339031,0.17571154,-0.024514344,-0.1111818,-0.40946296,0.19807439,-0.53787667,0.099252924,-0.2693166,0.112426214,-0.06107243,0.17425118,-0.12347978,0.37090448,-0.21326327,-0.3470665,0.11632924,-0.07761707,0.035822198,0.03371956,-0.005919146,0.23981547,-0.2853932,0.22907503,0.23052615,-0.2237814,-0.35884815,0.3092912,0.09882552,0.11212644,0.29222843,0.14571472,-0.34850422,-0.008759171,-0.35116175,0.03155468,-0.47372144,-0.3193932,0.18040505,-0.24167997,-0.038183875,-0.34044012,0.36219743,0.3599051,0.025279367,-0.37859,0.42864043,-0.08275009,0.28084183,-0.05219586,0.098950796,0.281397,0.22002922,0.2870659,-0.22096923,-0.43920523,0.21893579,0.046265323,0.3751865,0.11743896,-0.31976312,0.1573881,-0.28614143,-0.46377006,0.41640455,-0.23215906,0.06738394,0.1916134,0.17529374,0.05665887,0.3723468,-0.0076642153,-0.2142987,0.16689159,-0.76889974,-0.18014349,-0.279106,-0.16842274,0.035600077,-0.10360183,0.038754955,0.07250389,0.40455958,-0.07746941,0.11845701,0.5672004,0.058165498,-0.24212262,-0.20465647,0.34527043,0.00017070989,-0.33248734,0.09255816,0.15692581,-0.524966,-0.82483757,-0.19151044,0.22738922,0.021530857,-0.32679835,0.21710984,-0.06854072,-0.2946195,-0.067780964,0.041270114,-0.011542043,-0.040394526,0.056666914,0.23962758,0.0024387366,-0.16993372,-0.5644153,-0.26273245,0.2699733,0.2093447,-0.15359014,-0.5647139,-0.008161293,-0.18768106,0.24961367,0.3690841,-0.14927147,0.49262562,-0.24113204,0.15579526,-0.5665057,-0.06677452,0.115626134,0.42871374,-0.10004649,-0.16334784,0.7449406,0.12811443,-1.3653198,-0.017894046,-0.06721485,0.38179013,-0.0071476046,-0.10021253,-0.37380144,0.23407541,0.2110602,0.1461193,0.3692572,0.12515147,0.23780985,0.26480308,0.019184837,0.48813975,-0.35502344,-0.19930102,0.1498122,-0.07095333,0.2787544,-0.2729173,0.17157173,0.21747482,-0.34401348,0.24317294,0.060213573,-0.33177602,0.4150816,0.34879065,-0.17023332,-0.53832465,-0.040716007,0.020559466,-0.019418033,0.24822456,-0.4227537,0.29430106,-0.00244208,-0.10131616,-0.14782797,0.1076229,0.05954357,-0.118630745,-0.18876322,-0.13093604,0.04621153,-0.10853042,-0.10753992,-0.28363878,-0.175234,-0.20986055,0.21099177,-0.19187836,0.15051533,0.47415742,-0.26022467,-1.1515903,-0.16593221,-0.6493362,0.23820074,0.109973386,-0.06285685,-0.24148352,0.26979542,0.30292442,-0.0498362,-0.071166866,-0.16203016,-0.06908204,0.1133805,-0.18834287,0.07319904,0.5310147,0.112170815,0.040001504,-0.20780572,0.1344487,-0.2789153,-0.44408336,0.00067359157,-0.05814349,-0.28353778,-0.012748231,-0.62053907,0.21509904,0.034562558,0.185612,-0.19967072,0.36259457,-0.2415198,-0.34234086,-0.27700254,0.18709275,-0.105500534,-0.08816852,-0.22649856,-0.17238702,-0.24637431,-0.31341812,-0.25766367,0.32508376,0.037665375,0.064101264,0.1353733,0.19225346,-0.17519654,-0.24783935,-0.047875624,0.053683262,-0.30118933,0.13174044,-0.33506396,-0.24551973,-0.27507755,0.02252088,0.32725018,-0.10232869,0.2991039,0.014111802,0.16200256,-0.031070616,0.21294703,-0.22459054,-0.51932067,0.048763387,-0.27548972,-0.1896318,0.07394503,0.5047544,-0.2415225,0.32338166,0.23261295,0.08182031,-0.114597306,-0.14333686,-0.47698188,0.07314017,-0.19676867,0.037771627,0.04906733,0.20710252,-0.087237075,0.324778,0.26103905,-0.07681508,0.08503841,-0.15181787,-0.3717676,0.33356893,0.1808595,-0.10293761,-0.39278364,0.4105203,-0.0034019777,0.27244627,-0.020233994,0.08032831,0.06855572,0.41366968,-0.08244031,-0.11577148,0.03616128,-0.0755235,-0.27673715,-0.31713927,0.3068521,-0.37368855,-0.17158893,0.2883397,0.12182099,0.10389057,-0.27437574,0.69019145,0.05620778,-0.06682777,-0.13580625,0.051320046,-0.06511218,-0.35812584,0.5630806,0.3976461,0.013707296,-0.051393084,-0.23314223,0.21697015,-0.15338755,-0.2034509,-0.26802346,-0.015182941,0.040918436,-0.0040236237,-0.2763449,0.08148583,-0.11535291,-0.35453522,0.030237079,-0.24341641,0.36146656,0.13160457,-0.5492095,0.20124274,-0.0020317778,0.17299706,0.056530837,0.099644415,0.16545565,-0.18086903,0.2927705,-0.31318593,0.09099631,-0.020169785,0.34945735,0.38157877,-0.41933003,-0.48810405,0.4615393,0.27304664,0.343025,0.13713518,-0.13974681,0.44299906,0.28961813,0.15535073,0.022326756,0.11259535,0.28071302,0.2647276,0.03598964,0.23399255,-0.09385633,-9.241246e-05,-0.05615892,-0.25319862,-0.21386077,-0.33563903,0.0030378413,0.54477,-0.32951304,0.07934143,-0.13917382,0.066227645,0.5064147,-0.18480515,0.06429404,-0.25006253,-0.16621776,-0.24442254,-0.8840372,0.10510632,0.14897919,0.016126955,0.23688456,0.03262726,-0.0065998994,-0.7214793,-0.17981379,0.0017821452,-0.05437941,0.55210406,-0.24903272,-0.05672406,0.35114422,0.03791276,-0.006136294,0.18123248,-0.23620905,-0.09639342,0.1688009,-0.8034349,0.05727772,-0.18023148,0.044308726,-0.24499242,-0.38049912,0.11956288,0.07194853,-0.37720293,0.21652243,0.30973127,-0.21069916,0.023203805,-0.2516292,0.012307003,-0.06412322,-0.09502264,0.1827584,-0.32541305,0.017020984,-0.36604187,0.41826305,0.36149403,0.0029787142,0.21571073,-0.098809205,0.09485961,0.04797622,0.27214375,0.29691184,0.0688802,0.10786857,-0.3406939,-0.14554305,-0.13638131,0.1258137,0.1869353,0.031413328,-0.34523264,-0.2206386,-0.1544791,0.09709362,0.34616274,0.21598639,-0.2602722,-0.29944703,-0.04172149,0.27767366,-0.15970477,0.11560799,0.12819113,-0.12102206,-0.035596,0.03892712,-0.19328244,0.20497887,0.6317335,0.19371426,-0.119781286,-0.07655665,-0.1358087,0.37064683,0.066422775,-0.20158315,-0.048151564,-0.34365717,0.040825862,-0.03252956,-0.07713836,0.24102771,-0.3005579,0.00022758414,0.052118,-0.28717014,-0.41597083,0.085523784,0.2377651,0.2687847,-0.33808005,0.13407642,0.3268857,-0.19468658,0.38408116,0.08309134,0.26931074,-0.13291623,-0.13227579,-0.4351775,-0.061407164,-0.15914112,0.06812248,-0.1644234,0.21382727,0.15137617,-0.07341592,0.16813096,0.28572226,0.5579921,0.3415617,0.5063347,-0.13152395,-0.022181097,0.1749768,-0.060560912,0.126429,-0.19707227,0.47592112,-0.26678166,-0.20860456,-0.3101398,0.16295181,0.40235543,-0.14987808,0.18192415,-0.14095685,0.1702064,-0.34774458,-0.19257812,0.009988785,0.19252102,-0.26763642,0.5954215,-0.38651195,-0.27556124,0.31791523,-0.053889945,-0.041340522,-0.3575983,0.3008201,-0.14417848,-0.08552022,0.07986742,0.35046026,0.0036860108,0.05110532,-0.19455737,0.30108666,0.018853871,0.3155726,-0.04033436,-0.23995985,-0.07850122,-0.028259423,0.08099056,0.035782214,0.13169003,-0.14279598,-0.08103725,0.2745576,0.58882743,-0.1142586,0.4756232,-0.12970614,-0.14147697,0.4960842,0.115875535,-0.16967219,-0.06494478,-0.0057608346,-0.5071733,0.048392065,-0.13931063,-0.18527542,0.087994464
17,0.13943441,0.38356414,0.2054331,-0.08054191,-0.18734658,-0.06948223,0.47164464,-0.030255327,-0.027047984,-0.032373108,0.11848913,0.18421282,-0.17509691,0.054838795,0.0028308763,-0.08362229,0.0037324594,-0.061530344,0.053712685,-0.22579496,0.17749257,-0.09630953,-0.18935005,-0.057535812,0.42141497,-0.11151128,-0.25029084,0.10917556,-0.6960008,0.25008988,-0.010948087,-0.03958084,0.16366987,0.33273724,0.19498356,-0.19642457,-0.40156606,0.31911463,-0.26003253,0.16511832,0.015205114,0.14189704,-0.59984696,0.08020508,0.26784968,-0.02390727,0.09782573,0.22022325,0.56703174,0.21852301,-0.25401235,0.091833636,0.07695865,-0.10546425,0.014778972,0.29280743,0.4848306,0.5380469,0.23927991,-0.21320264,0.04578156,-0.06790104,0.38518807,-0.08032477,-0.4046077,0.2278797,0.23421235,0.1917151,-0.06340825,0.15880153,0.35136086,0.40407324,-0.020732105,0.20908698,0.30093834,0.36253563,0.2739975,0.48177034,0.039249633,0.0051951157,0.30528995,0.1383225,-0.58314174,0.27231187,0.34053653,-0.52088904,0.24207625,0.14554222,0.09896822,-0.32855567,0.075482294,0.48958594,-0.09012516,0.34173033,0.15770437,-0.10920235,-0.04575025,0.05771965,0.28706962,0.118889794,0.35481158,0.5252473,-0.8316884,0.43410537,-0.051079523,0.11866658,0.25619343,-0.65072095,0.6872313,-0.28300092,-0.31675553,0.2924171,0.3266161,-0.23671834,-0.28634834,-0.20362478,0.18136324,0.11915978,-0.0663856,0.31256494,0.08676039,-0.21553004,-0.11212961,0.016754884,0.0333512,0.66560966,-0.30819497,0.29418883,0.18548156,0.02668298,0.16453196,0.105458856,-0.20922099,-0.4884577,-0.16886209,0.29403073,0.15120228,0.4773631,-1.0191308,-0.45134953,-0.047372255,0.014480605,0.111471035,0.19149868,-0.28847072,0.27943838,0.09501381,-0.29858002,-0.31793484,-0.11983179,-0.06801509,-0.34166148,-0.16997738,0.08668165,-0.13454776,-0.20016862,0.17073959,-0.13858163,0.08045127,0.41167164,0.17410228,-0.0013950277,0.053649705,-0.14294547,0.39074773,0.5990452,0.039712112,-0.1883877,0.21539642,0.22366175,0.27315876,-0.23264566,-0.19663624,-0.39425805,0.46059182,-0.47632802,-0.1276131,-0.021436194,-0.124532565,-0.21516244,0.40393224,-0.17121577,-0.24613525,-0.3317499,0.13550994,0.8962781,0.25113007,0.15753734,-1.0791261,0.09446923,0.10452324,0.31751505,0.23972116,-0.13884008,-0.72919106,0.3013108,0.10914809,-0.043749947,-0.12175,-0.2572222,0.13190712,-0.22316146,-0.07862152,-0.31600344,0.27276048,-0.1921668,0.1874878,0.14812765,0.5697984,0.374793,-0.11128803,0.23569262,-0.127077,0.1947498,-0.24848402,0.7954037,-0.31016272,-0.64170474,0.48926616,0.17206348,-0.40766072,0.050690744,-0.28169608,-0.0030348664,-0.29593182,0.38892734,-0.31549144,0.1809215,-0.30996242,0.49889913,-0.18789798,0.23975155,0.15078962,0.024186047,-0.18757136,0.04489644,-0.21018362,0.20462622,0.1979323,0.008679779,-0.39698052,-0.28391907,-0.19542748,-0.23786506,0.15354155,-0.022684366,0.23718981,-0.26332226,0.3492089,0.15031575,0.07157489,-0.059324134,-0.22730593,-0.109755754,0.043520886,-0.25250784,-0.38066193,0.5173013,-0.44751045,-0.30783647,-0.07937801,0.086392075,-0.034475163,0.16363084,-0.088101454,0.5063356,-0.44607905,0.20209283,-0.16854914,-0.22190428,-0.049849804,0.18084851,0.12844722,-0.037327163,-0.18004519,-0.084638424,0.016566869,-0.21758214,-0.625424,-0.37740976,-0.08013622,0.19195543,0.3407129,-0.030229013,0.2743179,-0.53065526,-0.08066735,0.19846438,-0.031674247,0.028745089,-0.07312497,0.33293408,-0.32011163,0.210831,-0.05253195,0.25645554,0.12303747,-0.6794098,-0.03722205,0.30609056,0.20121078,0.40121484,-0.42815515,-0.29912475,0.64713615,0.041836455,0.22966987,0.09635786,0.41515285,-0.020509748,-0.067451626,0.18012454,0.2607185,0.04343645,0.17336677,0.054799125,0.2110921,0.12123917,-0.03153195,0.2135908,-0.07547852,-0.15107165,0.29273278,0.030096745,0.11359239,-0.05100563,0.09506599,-0.11880189,-0.23211367,0.45959902,0.19070233,-0.0567283,0.2934142,-0.16597423,-0.12803325,0.08997792,0.054988604,-0.08685778,-0.2985355,-0.010419677,0.13979094,-0.54400903,0.1613347,-0.19985554,0.31159747,-0.033387106,-0.059263486,0.5028821,-0.24710277,-0.30309314,0.00773588,0.42523256,0.3210472,0.074097134,0.071924284,0.11992905,0.022736128,-0.22035772,-0.20575182,0.19547352,0.39290842,-0.46292955,0.29278424,-0.15427917,0.045340765,0.31959897,0.1366783,0.058777433,0.02493266,0.2094887,0.014745012,-0.015953574,-0.01892101,0.119112,0.5668189,-0.30956423,-0.45215574,-0.80630666,-0.33566028,0.11607078,0.07435098,0.18427138,-0.24369684,0.75897217,0.055664193,0.14632422,-0.12357182,0.47653088,0.061845046,0.18641911,-0.04784921,-0.36244783,-0.04255576,0.31111258,0.34644064,-0.028764963,0.066525236,0.11420274,-0.27572843,0.013251843,-0.219805,-0.4407505,0.12945974,-0.7215049,0.57229173,-0.46932667,-0.054702528,-0.043635633,0.21664684,-0.14331317,-0.2487209,0.282292,0.11926881,0.6722618,-0.17724481,-0.49907133,-0.590973,0.2985846,0.034327008,0.03972822,-0.33646172,-0.28471792,0.10353103,-0.6485076,0.18908946,0.18149267,-0.10867101,-0.0030064434,0.1425688,0.31644887,0.7938225,0.047850624,0.4449544,-0.29762468,0.13202266,-0.2096815,0.14262351,-0.182716,-0.05921763,0.14315544,0.50051564,0.09693365,-0.33266807,0.3011864,0.69861144,0.20969942,-0.19372697,0.29508916,0.050583676,0.122235544,-0.12888205,0.084525995,0.07070477,0.19050519,-0.043041132,0.07775436,-0.25652906,-0.11577011,0.2628363,0.114371926,0.010015731,-0.10969121,-0.45984894,0.17357945,-0.5567267,-0.05085417,-0.18081121,0.05961123,-0.11648971,0.085730076,0.03037941,0.3851478,-0.2067787,-0.39499933,0.06367764,-0.08655598,-0.12626594,0.0020532592,-0.05072629,0.50515306,-0.37729865,0.3010866,0.28642702,-0.15744437,-0.30141214,0.41123232,0.14792229,0.0076155057,0.42634073,0.21467437,-0.4322926,-0.10132758,-0.3870996,0.22060023,-0.35819983,-0.18662706,-0.038915247,-0.15457481,-0.15152979,-0.29841134,0.648782,0.42051086,0.1318833,-0.47915545,0.51021034,0.06501524,0.20886827,0.022615386,0.16243085,0.14525719,0.07302812,0.22205569,-0.22733018,-0.41872564,0.050828557,0.138217,0.50503945,0.17051217,-0.28959495,0.12025843,-0.4388161,-0.36827037,0.38105473,-0.26020157,0.117955945,0.27279755,0.26977265,-0.12871867,0.46975768,0.04732114,-0.27619267,0.1406175,-0.8065603,-0.1146847,-0.27266905,-0.32562473,-0.05643226,0.03193758,0.0058128596,-0.0019879693,0.3237071,-0.24007383,0.13818277,0.57961476,0.1970662,-0.40998536,-0.09319595,0.38711205,0.25588784,-0.43416688,-0.080332525,0.17612587,-0.64354044,-1.0563068,-0.1447076,0.1320362,0.013508974,-0.26480427,0.29235727,-0.051830895,-0.21858144,-0.1332928,-0.14007258,-0.08997609,-0.05751385,0.17789353,0.3000913,-0.061009746,-0.0783757,-0.66577625,-0.27491307,0.31372344,0.1957945,-0.24785167,-0.6695662,0.048983764,-0.26584247,0.2997885,0.31016642,0.019668486,0.49343288,-0.22252694,0.1521037,-0.57472616,-0.001405496,0.059406027,0.5304866,-0.38516617,-0.1573423,0.9812187,0.007139674,-1.0601577,-0.0979384,-0.14535758,0.30585146,-0.011400321,-0.2007723,-0.45314065,0.35532308,0.35846013,0.17224625,0.26330063,0.23796798,0.28815055,0.57622623,-0.12476004,0.4294122,-0.35566187,0.05681522,-0.057716437,0.04137568,0.32241142,-0.3906528,0.2585114,0.15727267,-0.3018791,0.14246716,-0.10594375,-0.1108521,0.25205913,0.2867302,-0.1428854,-0.71559066,-0.029826678,0.16248257,-0.027762422,0.22758158,-0.52229995,0.38597122,0.058326777,-0.2045235,-0.1662116,0.06964261,0.14292833,-0.13811204,-0.25969934,-0.103991866,-0.056866825,-0.20109648,-0.21466152,-0.47315264,-0.473629,-0.22367406,0.1819454,-0.33071482,0.08308861,0.6032041,-0.22422306,-1.1401526,0.06427443,-0.7339756,0.29358038,0.24352126,-0.053588636,-0.20555751,0.28743628,0.39944714,0.013007799,-0.28560203,-0.15723373,-0.16475914,0.09815972,-0.23889571,0.04960999,0.49270678,0.14912704,0.017160358,-0.15701646,0.16056783,-0.35080364,-0.51497006,0.0009230126,-0.13120858,-0.27378416,0.11453845,-0.6064764,0.14809969,0.10418676,0.09031211,-0.3179961,0.39400172,-0.26799205,-0.40297598,-0.29210413,0.351629,-0.34364954,-0.031433333,-0.21694653,-0.21039242,-0.318534,-0.33146507,-0.2708416,0.21788563,0.037797738,0.14642593,0.113717265,0.12742576,-0.17755818,-0.22438408,-0.23666734,0.10298432,-0.4144878,0.089491256,-0.36173072,-0.33620277,-0.25594464,0.17821969,0.39386606,-0.3308101,0.09425373,-0.1533735,0.28076708,0.003972659,0.2416984,-0.024791203,-0.5218623,0.25896183,-0.26828164,-0.28875837,0.09071319,0.38176686,-0.3080647,0.19752242,0.27431667,0.09149054,0.0602477,-0.17452519,-0.51746184,-0.018855572,-0.30878192,0.08489255,0.03846027,0.030621696,-0.1813856,0.40040216,0.30938762,-0.10067539,0.19668174,-0.15125108,-0.5689824,0.2359503,0.20983179,-0.20639078,-0.35217547,0.2636127,-0.1562783,0.5059806,-0.022519358,0.022723166,0.20144154,0.5585398,-0.013218219,-0.17288558,0.031804357,-0.011138711,-0.3062008,-0.35845003,0.26099443,-0.2495718,-0.18673778,0.4741049,0.07031232,0.14909686,-0.15605722,0.7465581,-0.23951975,0.09674553,-0.09860841,0.046825588,0.018063009,-0.46108606,0.8696902,0.45067787,-0.09197924,0.006429078,-0.30155045,0.4699588,-0.2508501,-0.21563414,-0.31567478,-0.08472267,-0.04441961,0.08317618,-0.49435136,0.13304213,-0.12212715,-0.4830198,-0.1490134,-0.37113622,0.4718749,0.12419544,-0.45226586,0.068685256,-0.03780795,0.10168162,0.10891565,-0.18050177,0.12160849,-0.24945712,0.11614992,-0.30419162,0.1793452,-0.007767885,0.2443846,0.498009,-0.49760666,-0.5510774,0.68198913,0.31313512,0.30533975,0.21200004,-0.22417581,0.5376685,0.15224718,0.11289169,0.12972818,0.020630738,0.16502911,0.4178719,-0.10968464,0.2637603,-0.24754563,0.08344413,-0.02784656,-0.16780162,-0.3304396,-0.43304172,-0.017855128,0.30272165,-0.23226915,-0.14809509,-0.25740695,0.20149277,0.6042199,-0.12790115,0.021738369,-0.41212118,-0.17936999,-0.15988345,-0.902257,0.034376558,0.17319255,0.04389784,0.14239722,0.21666497,0.01658239,-0.68447936,-0.12102397,0.021074709,-0.073122464,0.5028489,-0.037663113,-0.09495436,0.4714354,-0.24373439,-0.04667098,0.06951584,-0.25351423,-0.073827416,0.35413313,-0.82501554,0.07111086,-0.24807233,-0.030049648,-0.30755156,-0.43034276,-0.09455517,0.0732759,-0.2412332,0.15646864,0.42098647,-0.35753143,0.1183557,-0.31146944,0.09965864,0.05390454,-0.22115517,0.18391094,-0.48962277,-0.10241881,-0.2635157,0.3855866,0.3580143,0.19847819,0.22660351,-0.09508009,0.16609125,0.16857456,0.20016544,0.25203124,-0.10833532,0.119688794,-0.35775852,-0.13748589,-0.2665944,0.1585756,0.28692484,0.042486973,-0.35166317,-0.2962527,-0.16371575,0.28020388,0.4621851,0.56522095,-0.47592473,-0.460244,-0.24720113,0.3838463,-0.34401593,0.19321673,0.29544446,-0.22040632,0.056732528,0.22281067,-0.27578202,0.28476605,0.67819864,0.28619093,-0.21819732,-0.1507205,-0.1238511,0.43624848,0.1813218,-0.22352734,0.06011903,-0.37112978,0.01774634,0.08430945,0.016210945,0.17662011,-0.37387702,0.00024535763,-0.013300631,-0.4179817,-0.32696137,0.16403969,0.090420984,0.45055196,-0.48575526,0.23661415,0.40071532,-0.34406245,0.42801347,-0.07759785,0.33524194,0.069336504,-0.28249428,-0.57529014,0.13200437,-0.18269992,0.09143187,0.05238861,0.30748472,-0.019693088,-0.01565443,0.2005142,0.3013321,0.5615367,0.22405168,0.52088,-0.035467118,0.05683841,0.21178518,-0.11737684,0.23865128,-0.26690498,0.560123,-0.31131276,-0.21985178,-0.44993195,0.15450245,0.57842267,0.0066517824,0.2616117,-0.099770226,0.1267716,-0.27415973,-0.2922123,-0.11948421,0.30505717,-0.2221566,0.70251805,-0.41237164,-0.22470757,0.38940635,0.09031239,-0.08260909,-0.3706422,0.31301785,-0.032940686,-0.21752065,0.14864932,0.4726913,0.21226539,0.006466467,-0.20389968,0.14376712,0.08077277,0.45744187,-0.072372474,-0.2841051,0.08913624,-0.08164959,0.00021019822,0.16513899,0.34836784,-0.058532026,-0.18122865,0.1969619,0.60458744,0.16345806,0.39011174,-0.20333028,-0.10529507,0.4661247,0.02048975,-0.07691356,-0.083835356,-0.086395234,-0.7337293,0.09157617,-0.08492636,-0.14385922,0.080449164
18,0.12413739,0.4954191,0.23914322,-0.069082774,-0.058625758,0.007845557,0.3476006,-0.035859462,-0.1212107,-0.0031756826,-0.0036195803,0.16179197,-0.10745658,0.12516163,0.1239703,-0.13225247,-0.07484046,-0.07267785,0.050334524,-0.14236826,0.11749998,-0.088156685,-0.13297233,-0.02840972,0.39221877,-0.15875943,-0.13290729,0.098029934,-0.48294255,0.1484304,-0.111227214,-0.059494916,0.10886994,0.12061035,0.15463334,-0.17590813,-0.4506002,0.3530714,-0.38927338,0.027667478,-0.015939735,0.31075993,-0.45742676,0.32333738,0.22148934,-0.00989929,0.10876397,0.2048035,0.4708762,0.19192263,-0.27086422,0.04746395,0.15001068,-0.1228852,0.06163198,0.2841721,0.27726182,0.48642948,0.2954686,-0.10072252,-0.022947785,-0.13760418,0.32719007,-0.045466214,-0.20772891,0.3245382,0.17946135,0.32309604,-0.30341956,0.06942078,0.41273373,0.3810721,-0.11420482,0.26655996,0.2557448,0.28272656,0.24702197,0.4537404,0.08938183,0.063750856,0.30272284,0.17055094,-0.43292883,0.115504,0.23463686,-0.27091694,0.13532862,0.12828329,0.07676952,-0.21889417,0.041112788,0.3784707,-0.036660373,0.44395772,0.066734135,-0.069413856,0.08794643,-0.07766623,0.2476056,0.07312341,0.42318374,0.47970676,-0.71991813,0.41562662,-0.06637613,0.18486783,0.30020738,-0.57464874,0.5951769,-0.32643366,-0.48872563,0.29283065,0.3418402,-0.38796988,-0.20520261,-0.29074025,0.09940149,0.029008735,0.09246563,0.23382603,-0.02416726,-0.16843921,-0.11962017,0.098084025,0.0123995,0.53116626,-0.348832,0.26237625,0.20342885,0.1548707,0.13285132,0.17610133,-0.18189451,-0.64908624,-0.27228707,0.26793507,0.070837624,0.4059777,-0.8017233,-0.4737517,-0.013253671,0.06670805,0.046801493,0.10936831,-0.12542495,0.13643071,0.159837,-0.12570673,-0.2615076,-0.053751763,-0.15441392,-0.22380978,-0.16960141,0.09229341,-0.15779549,-0.29988974,0.24699405,-0.18962342,0.15517995,0.37849966,0.26394087,0.033978645,0.19022793,-0.3153824,0.38870022,0.5272846,-0.015915183,-0.014489125,0.22858094,0.15016441,0.14854896,-0.121914335,-0.023752602,-0.44639188,0.3743274,-0.48418596,-0.08263638,-0.019487571,-0.016131928,-0.15907149,0.37908623,-0.13791026,-0.07805867,-0.42524555,0.058039274,0.827225,0.26194015,0.22553499,-1.0658998,0.08085075,0.106814794,0.4565977,0.27539372,-0.1924558,-0.5965974,0.19263552,0.2014084,-0.014953871,-0.15904646,-0.2610275,-0.006607046,-0.16480301,-0.10784357,-0.23967676,0.29776505,-0.1986118,0.29722705,0.07664032,0.5395503,0.31637543,-0.0791747,0.1376175,-0.12975198,0.20803814,-0.15677685,0.89757866,-0.37158084,-0.58594424,0.26410156,0.008286203,-0.39902967,0.07251427,-0.35312063,0.03218995,-0.15334694,0.37821242,-0.36165932,0.2421269,-0.25463226,0.46508276,-0.20990083,0.17699417,0.036317766,0.04145277,-0.071714275,0.12937973,0.15049529,0.13170646,0.08121668,0.062477123,-0.3399006,-0.35966444,-0.2310022,-0.2754371,0.24068634,-0.031348046,0.28305933,-0.31743565,0.27185997,0.06837211,0.15767911,-0.008417708,-0.15279135,-0.08865445,-0.015707258,-0.35405418,-0.28997248,0.5176843,-0.4417471,-0.3740936,-0.06799228,0.13636075,-0.06489466,0.13460457,-0.08289212,0.38814682,-0.39758676,0.18951783,-0.23932686,-0.20310149,-0.0075809774,0.26171893,0.11277543,0.036968492,-0.4018674,-0.09928077,-0.0057602553,-0.28805345,-0.51864815,-0.2966019,-0.17478688,0.062399376,0.35547456,0.03716784,0.18778366,-0.4465789,-0.14438207,0.24138632,0.036014963,0.09396835,-0.07824065,0.25462985,-0.3303755,0.12234112,0.057385124,0.22230837,0.044296235,-0.6910138,-0.111669265,0.28287995,0.012239386,0.35791323,-0.32948142,-0.2751314,0.63217074,0.0898348,0.20862669,0.13693197,0.23580064,0.15068464,-0.077687636,0.36108622,0.2729801,-0.022707254,0.17766818,-0.032471232,0.26529902,0.04081755,-0.11327833,0.22585993,0.019579755,-0.08508139,0.23116776,-0.11630634,0.0075057177,-0.044094462,0.099241376,-0.17826636,-0.18966746,0.31694737,0.122562915,0.025418608,0.11905833,-0.08872501,-0.15848336,0.10902985,0.10655814,-0.02404249,-0.13016538,0.02640769,0.12741256,-0.6394786,0.080853246,-0.1667355,0.179955,-0.088981345,-0.0631636,0.48579666,-0.055187266,-0.3145103,-0.067125,0.34075007,0.29350656,-0.042135924,-0.13136168,0.020659104,-0.12508872,-0.18666328,-0.19994669,0.136362,0.25141177,-0.3973378,0.26176435,-0.24342023,-0.004917485,0.28551292,0.016345564,0.08538753,-0.06315646,0.18125352,-0.065098405,-0.005654738,-0.05016547,0.013832769,0.575649,-0.30411965,-0.4097751,-0.77019304,-0.2198312,0.17910512,0.0677933,0.14636545,-0.19739722,0.70045686,0.19497451,0.14035788,-0.008973278,0.38778356,0.07202865,0.21051289,0.07386938,-0.29409322,-0.16998345,0.29104015,0.2842364,-0.08240949,0.06722288,0.21215798,-0.18924348,0.16690044,-0.26457244,-0.18973716,-0.036637783,-0.4694937,0.38873637,-0.37153858,-0.1820982,-0.09084239,0.08585645,-0.03702701,-0.30975044,0.2568019,0.18020925,0.5034696,-0.041157637,-0.34581083,-0.5577747,0.39236426,-0.057862874,0.13544661,-0.11651833,-0.31783107,0.21745755,-0.46924567,0.10893921,0.22212946,-0.021520173,-0.111134045,0.029208772,0.2694487,0.64108545,0.091119595,0.5280433,-0.18028764,0.07329621,-0.114421494,0.10084351,-0.30778742,0.06901709,0.18533272,0.39624265,0.056462802,-0.27555904,0.33102575,0.6465572,0.09091847,-0.1494702,0.30662987,-0.037874658,0.016177494,-0.062876984,0.08128341,0.11763842,0.24255678,-0.06692338,0.1016073,-0.1758615,-0.081613176,0.30427322,0.16970627,0.028707096,-0.088850126,-0.43698013,0.075695895,-0.2910536,0.0022685851,-0.10642595,0.10789307,-0.21948792,0.0014478287,-0.035786334,0.30720785,-0.1849683,-0.37133116,0.09089227,0.0023457285,-0.12089062,0.018345093,0.0046383846,0.43346038,-0.22816335,0.30434737,0.19708382,-0.04124291,-0.25772572,0.3511674,0.13847944,0.1154371,0.42313337,0.15813345,-0.37437204,0.04973631,-0.3075534,0.1748535,-0.38937503,-0.26886564,0.19472888,-0.22420545,0.07409271,-0.3101113,0.60045266,0.24674746,0.075665385,-0.53952825,0.56173605,0.1709239,0.24184561,0.14843884,-0.011814379,0.015460861,0.017507525,0.17001063,-0.10899545,-0.41627643,-0.042531166,0.15858848,0.48728427,0.19383968,-0.327166,0.20058921,-0.36213312,-0.35552153,0.41323337,-0.22338393,0.19554631,0.1513158,0.1060589,-0.10898528,0.36939996,-0.075694,-0.21389312,-0.041272156,-0.74368095,-0.23962784,-0.27442107,-0.32795238,-0.019060742,0.055444233,0.07808718,-0.14260718,0.34459767,-0.22100729,0.15724044,0.5684439,0.17346828,-0.36885068,-0.118784845,0.24667682,0.21369292,-0.38612205,0.01063069,0.27174297,-0.6698826,-0.89588666,-0.10690484,0.12177744,0.11080991,-0.25154886,0.21363732,-0.064850494,-0.28417653,-0.09553242,0.0019944673,-0.07553951,-0.093035534,0.17250445,0.22676323,-0.08966799,-0.12549028,-0.49816605,-0.21219596,0.22232442,0.19149517,-0.20446812,-0.64721745,0.015507703,-0.20312694,0.25937024,0.31511855,-0.030415073,0.40739846,-0.32789913,0.092682146,-0.43567574,0.08734282,0.12070152,0.39591512,-0.25139114,-0.32388276,0.8371884,-0.026966982,-0.9012088,0.0032981958,-0.13452122,0.17314596,0.017415043,-0.0450235,-0.33653215,0.1807258,0.3927438,0.2524651,0.32905507,0.25329667,0.2691299,0.50557035,0.08885881,0.3935628,-0.23236649,0.067898214,0.22102395,-0.18033089,0.2442562,-0.2514168,0.22542734,0.22094941,-0.30091813,0.12752712,-0.1218739,-0.19902802,0.46566507,0.39505997,-0.13194174,-0.65411496,-0.09643922,0.009529761,-0.0014983545,0.22801426,-0.4963812,0.33860132,-0.096828625,-0.19000289,-0.16659915,0.03882874,0.10886381,-0.05025131,-0.1761915,-0.14188257,-0.020721078,-0.112319246,-0.08080678,-0.6515159,-0.40049013,-0.18044972,0.26693544,-0.07413233,0.13484284,0.5978341,-0.33067182,-0.845139,0.06904113,-0.6593169,0.33302295,0.32521513,0.030118475,-0.18949035,0.22064605,0.28426775,-0.063645564,-0.008560547,-0.15537038,-0.36114782,0.043606468,-0.17757224,-0.000844511,0.5041503,0.0010616065,0.09981775,-0.23951349,0.12451285,-0.2171035,-0.4923723,0.15328036,-0.29654124,-0.17805466,0.18745579,-0.6119064,0.11663394,0.03132241,0.0652446,-0.19149265,0.268061,-0.128866,-0.35541946,-0.30068678,0.3802568,-0.24199143,-0.12595358,-0.14448687,-0.17217195,-0.3553498,-0.3444551,-0.29863924,0.25602934,0.15628666,0.08873495,0.015403672,0.19510698,-0.2323589,-0.132122,-0.38072973,-0.043559093,-0.4417031,0.006199146,-0.33024493,-0.1947745,-0.36656055,0.111642346,0.23941272,-0.37528172,0.052625053,-0.20076409,0.2345195,0.14237487,0.29366064,-0.0077567906,-0.36284053,0.07264854,-0.20185108,-0.37722,0.08292117,0.36036676,-0.26980683,0.31042087,0.25357425,0.023143142,0.0200155,-0.16112675,-0.4144527,0.077990204,-0.122234575,0.091348104,-0.11530706,-0.03694708,-0.08624414,0.2708442,0.2219634,-0.07845115,0.088766016,-0.14868389,-0.4266334,0.11884465,0.16556266,-0.15518607,-0.20459713,0.12982427,-0.0695692,0.3494922,-0.1407848,-0.143227,0.22655818,0.37986806,0.06714186,-0.050056275,0.10509875,-0.16523099,-0.11128418,-0.49106848,0.2971488,-0.4327886,-0.09446258,0.30537212,0.019730097,0.11503597,-0.1560123,0.6590783,-0.2830613,0.11823012,-0.14684206,0.02814002,0.063102394,-0.29517186,0.6085545,0.33867946,0.052660502,-0.019248897,-0.33075342,0.539008,-0.11230151,-0.09608821,-0.21377634,0.17206977,-0.08872775,0.18999058,-0.408355,-0.06395465,-0.123761974,-0.39946085,-0.055243816,-0.34759787,0.4739628,0.13842344,-0.45915332,0.094739944,0.075528584,0.02147061,0.13447146,-0.2900672,0.09656468,-0.17222778,0.27490515,-0.17630672,0.088478245,0.07314267,0.24201053,0.5037486,-0.4133338,-0.45262137,0.5517167,0.30408671,0.2322274,0.18837626,-0.29760742,0.5090634,0.18296127,0.15565696,0.11434207,0.004518289,0.16373037,0.33164474,0.0047692982,0.2670966,-0.048127197,0.12270459,-0.13432167,-0.16401313,-0.2779821,-0.4389167,0.09721306,0.17837548,-0.158395,-0.1579787,-0.22655588,0.1659083,0.44510084,0.110399224,-0.054598626,-0.33618227,-0.17738287,-0.24085706,-0.7344363,0.18790719,0.18849525,-0.11432163,0.23509322,0.11066639,-0.017962484,-0.69146264,-0.0869931,0.051436014,-0.17295866,0.45423236,-0.10094752,-0.15709452,0.40065315,-0.08098068,-0.12771596,0.06676504,-0.09907516,-0.1539008,0.30417526,-0.8256438,0.040998843,-0.23949109,-0.10870548,-0.22466357,-0.3475176,0.0068833344,0.0038419857,-0.32056913,0.09617762,0.51340574,-0.2970491,0.016424108,-0.18379767,0.1575566,0.030277545,-0.31173116,-0.046271857,-0.47163996,-0.0059650904,-0.28182667,0.35033718,0.33436018,0.07524561,0.23644865,-0.07887069,0.08369123,0.090557806,0.13071713,0.23433775,-0.049360294,-0.066440694,-0.28119197,-0.29778278,-0.24743249,0.10618946,0.26353103,0.11224334,-0.33697388,-0.32670683,-0.034993257,0.13830815,0.44445333,0.36792776,-0.33299446,-0.42495838,-0.02418422,0.32221565,-0.14637141,0.20291524,0.29295248,-0.32656413,0.22270821,0.10326568,-0.20812623,0.26729834,0.5851295,0.11017661,-0.13166513,-0.11618462,-0.11236374,0.44765145,0.119733825,-0.18577966,0.078205876,-0.22126739,-0.05573629,-0.09429861,0.03819592,0.172667,-0.30827057,-0.01900438,-0.12407305,-0.2650717,-0.27615184,0.087277524,-0.07291012,0.41015828,-0.4475522,0.21154404,0.4125406,-0.3452554,0.31087252,-0.29452914,0.24093293,0.0712492,-0.18316895,-0.52056104,-0.06539963,-0.15854637,-0.01405523,0.10362053,0.18803176,-0.0796542,0.05038562,0.10481315,0.3245998,0.5299908,0.25391817,0.35109273,-0.065456666,-0.018986644,0.23507157,-0.15811035,0.22008273,-0.21864092,0.40348908,-0.2631385,-0.22394675,-0.35270256,0.025747625,0.40795803,-0.10612862,0.09231474,-0.24600261,0.088569306,-0.36241087,-0.05156332,-0.08058623,0.20102091,-0.14515841,0.6195049,-0.357425,-0.23789644,0.27958775,0.045521047,-0.02970184,-0.31623924,0.39156643,-0.12730804,-0.1519631,0.0996758,0.30325663,0.14314876,0.09059876,-0.07751785,0.09069266,0.09460188,0.40703273,-0.044599634,-0.2599318,0.10050876,-0.0043288716,0.021297157,0.06370819,0.23942636,-0.19981915,-0.15362717,0.10646542,0.55329,0.17915067,0.40682533,-0.12324717,-0.12620361,0.44231188,0.11368333,-0.15112185,-0.06887051,-0.21458839,-0.72879696,0.2323259,-0.07976349,-0.27684736,0.05091463
19,0.16673219,0.39858508,0.20051432,-0.117702864,0.07902691,0.13358329,0.25962213,-0.048795696,-0.11093026,-0.022078117,-0.033439882,0.08130093,-0.040136114,0.03452647,0.13743713,-0.052551627,0.007823631,0.015248991,0.033672754,0.060127616,0.19228408,0.0034917544,0.0066078505,0.012332941,0.29272702,-0.109351404,-0.28847018,0.12991185,-0.43751788,0.14825526,-0.13174789,-0.051494513,0.18880197,0.015917554,0.065288804,-0.17887288,-0.38373768,0.36518073,-0.32265458,0.018601,-0.12003697,0.21938263,-0.41902712,0.3447903,0.27587625,-0.08911022,0.10697883,0.16647336,0.3933127,0.22116779,-0.23630792,0.16594635,0.17833357,-0.06909388,0.0637064,0.24545252,0.2530188,0.30657992,0.22322728,-0.09441241,-0.0017430412,-0.04672086,0.29658458,0.09583425,-0.036540538,0.37854442,0.15697572,0.27047414,-0.23839512,0.14426811,0.23079163,0.32428908,-0.050196905,0.27084097,-0.087153256,0.2761358,0.19930162,0.3465918,0.015306735,0.06301257,0.09630607,0.2214901,-0.4999945,0.1421746,0.2593342,-0.19341503,0.071286194,0.047701374,0.03792574,-0.11985832,-0.11745182,0.1894133,-0.10866895,0.3894056,-0.040799525,-0.051307824,0.1641096,-0.036935616,0.2881414,0.17206666,0.33353037,0.45840108,-0.581942,0.2660934,0.009396487,0.29126844,0.2809702,-0.46588385,0.57203,-0.32839713,-0.4575379,0.25220618,0.30850393,-0.27565533,-0.20238374,-0.27844733,0.09626765,0.115877956,0.08060869,0.1817999,0.07563316,-0.10005822,-0.121648654,-0.23883523,-0.06582832,0.44600433,-0.29848504,0.32609546,0.111440726,0.18474086,0.15606968,0.10336313,-0.11711897,-0.40627453,-0.26997638,0.39148262,0.0854349,0.3412921,-0.6922376,-0.37184265,0.01842075,-0.006849078,0.004178646,0.12421194,-0.19142221,0.090752326,0.07463357,-0.07206184,-0.21626627,-0.0958659,-0.14654836,-0.15930521,-0.26203722,0.0046784985,-0.27939555,-0.25023845,0.21471612,-0.14437896,0.09523045,0.4124184,0.27253976,0.025959514,0.21471044,-0.3551487,0.36167085,0.47140563,0.01537749,0.060735997,0.21024331,0.05030634,0.05258701,-0.01484626,0.044711158,-0.46017006,0.2668683,-0.4802675,-0.094847634,-0.026954746,0.01630451,-0.08955935,0.23913263,-0.12258886,-0.024561862,-0.29139334,0.0014861681,0.6671872,0.25191808,0.13754247,-0.85884446,0.082189165,0.08486968,0.29530895,0.1985726,-0.18741435,-0.47823226,0.10012185,0.1056981,0.012894346,-0.21123247,-0.15272246,0.111848496,-0.1425816,-0.10710278,-0.21703182,0.10785736,-0.13312489,0.11699544,0.1824372,0.5633122,0.23923118,-0.112148464,0.09138975,-0.08869653,0.2710447,-0.18387696,0.76009953,-0.2588395,-0.5205468,0.19278449,-0.097026415,-0.36585715,0.069458716,-0.24393603,-0.040960625,-0.07906571,0.37287408,-0.26184407,0.13376035,-0.21095903,0.37816697,-0.12874405,0.18448694,0.09536406,0.000560103,-0.06526894,0.15461063,0.1069784,0.076976985,0.17152248,0.059872154,-0.1603792,-0.40843254,-0.17904484,-0.2337224,0.24470484,0.0008690852,0.23456195,-0.32782987,0.2577021,-0.046612162,0.21924055,0.052636877,-0.05646212,0.10739869,-0.056825493,-0.29803082,-0.29014635,0.4668602,-0.3590858,-0.3780769,0.037796896,0.119902246,-0.0919613,0.11613588,-0.04277087,0.19812529,-0.42953628,0.14254697,-0.25572804,-0.16305283,0.025325341,0.27079645,0.009396765,0.0419023,-0.32828638,-0.058494393,-0.113863215,-0.27302763,-0.3890059,-0.26925504,-0.18709515,0.09886724,0.41866377,0.06727648,0.10617229,-0.40868255,-0.20148098,0.2753655,0.11948332,0.015254251,0.013691551,0.19104345,-0.3300468,0.051113695,0.040000014,0.23400688,-0.052142724,-0.49751875,-0.1673763,0.17163199,0.13772176,0.28386098,-0.26327085,-0.3502084,0.46701875,0.13823636,0.078855485,0.017606504,0.17392388,-0.03348741,-0.057741027,0.3968334,0.10577367,-0.006784815,0.09426346,-0.011268155,0.33503863,-0.15981995,-0.04450278,0.15801585,0.02587256,-0.10962648,0.1987938,-0.10707112,0.08567772,-0.07018464,0.09724211,-0.051542237,-0.1263158,0.35035267,0.043320827,-0.07530828,0.033139136,-0.11465074,-0.13363934,0.017878082,0.10333661,0.049616102,-0.1803786,-0.13525689,0.2948348,-0.5563264,0.11834235,-0.24598095,0.12846684,-0.12623724,-0.0660974,0.47077677,-0.103429414,-0.24980503,-0.09643841,0.20875914,0.13565747,-0.0035793325,-0.23058331,0.028934218,-0.1895918,-0.24658349,-0.22937806,-0.02938155,0.15794879,-0.38391584,0.317272,-0.33981058,0.007446543,0.23862875,-0.062486377,0.15453193,-0.065435946,0.08674919,-0.19191143,0.037788477,-0.102135964,-0.06882316,0.5404651,-0.2447051,-0.38701063,-0.4810843,-0.19449414,0.22445919,0.09804095,0.09353386,-0.35735586,0.6902107,0.1854404,0.053072166,0.044093773,0.34460178,0.099626906,0.2772194,0.094429396,-0.18368328,-0.1916192,0.24334513,0.14345989,0.069266684,0.019759843,0.116396144,-0.11321169,0.14616925,-0.25167704,-0.17965132,0.058771987,-0.30008388,0.35492095,-0.36637363,-0.19939397,0.035114437,-0.013237054,0.0717322,-0.2247409,0.20687631,0.18736161,0.44286537,-0.03514609,-0.32574877,-0.35029808,0.22850627,-0.08784377,0.120614,-0.17883688,-0.27909005,0.1822589,-0.32909587,0.1928181,0.25997984,0.054892678,-0.19356948,0.051710755,0.31990087,0.52220154,0.13441953,0.4270183,-0.20897023,0.017653491,-0.01073026,0.0070435046,-0.19684452,0.16067368,0.2692493,0.3579804,0.14440346,-0.21001726,0.16936713,0.5076318,0.13220215,-0.20873216,0.27337953,-0.07987534,-0.04755166,-0.1890728,0.097128004,0.021666095,0.30905107,-0.073630854,0.057241272,-0.17832625,-0.09066973,0.29685578,0.07072106,0.0862767,-0.053936098,-0.29699138,0.036882978,-0.21921901,0.033551708,-0.1666324,0.17724493,-0.10313149,0.063816726,-0.002799161,0.25974584,-0.110862,-0.31941685,0.07490593,0.014628083,-0.04583275,0.050906245,0.020114878,0.29468,-0.16372313,0.30442718,0.13716163,-0.1531968,-0.29378995,0.18753909,0.057778127,0.19364311,0.33087584,0.10542843,-0.27730197,0.15412852,-0.309418,0.22711188,-0.3821474,-0.31246358,0.31863523,-0.25058752,0.23479387,-0.19641782,0.40951884,0.20634535,-0.03300126,-0.40212843,0.5441993,0.11594294,0.20504807,0.0073133376,0.0019034622,0.09407283,0.0678974,0.08306037,-0.1263908,-0.4220855,-0.017803458,0.06275182,0.41802406,0.097547576,-0.29894537,0.2974624,-0.23712243,-0.398404,0.41636786,-0.2187977,0.17105573,0.15799439,-0.013685655,-0.070024885,0.2845822,-0.09960446,-0.08265687,-0.10400227,-0.6301839,-0.26330343,-0.16965769,-0.2540391,0.13919064,-0.020006908,0.17524432,-0.13661678,0.38986742,-0.100212194,0.13533655,0.5286737,0.06635675,-0.29247615,-0.17252928,0.1651675,0.1063489,-0.2851535,-0.005572229,0.31073722,-0.49449316,-0.7531199,-0.14863954,0.2293073,0.0044040065,-0.28021818,0.13970363,-0.034202367,-0.23569734,-0.15040578,0.0014024017,-0.08809722,-0.063505344,0.03295599,0.24368064,-0.07045906,-0.21479215,-0.4135102,-0.04400905,0.13371325,0.13274343,-0.2014138,-0.5862588,0.059737377,-0.09792357,0.22258787,0.3694884,0.0021461765,0.30973953,-0.3235893,0.121031135,-0.37344024,0.035589945,0.110352755,0.26683176,-0.1364278,-0.14142169,0.6598243,0.076678894,-0.9358556,0.08730172,-0.07697708,0.1588997,-0.050966073,-0.07953256,-0.27066976,0.10058344,0.3680672,0.24731314,0.3961653,0.062165286,0.10496388,0.22735406,0.1720856,0.4335137,-0.15527907,-0.054654725,0.2745582,-0.13810053,0.2586695,-0.1566368,0.10537212,0.13893397,-0.25647762,0.17443897,-0.021403361,-0.2872419,0.5049268,0.36739603,-0.12269727,-0.5227802,-0.08919471,-0.06774898,0.014184814,0.19851786,-0.39840207,0.3727426,-0.004412633,-0.06158854,-0.17801905,0.10713757,0.07643075,-0.053854696,-0.09639991,-0.21016757,0.067262985,-0.18676466,-0.07965017,-0.61258477,-0.35269502,-0.21146134,0.226978,0.004426763,0.021680353,0.4612424,-0.29319444,-0.73722583,-0.053107355,-0.58672726,0.16292723,0.312609,-0.026978876,-0.22929496,0.2455208,0.28601772,-0.05091055,0.13726406,-0.080699116,-0.18149003,0.074079484,-0.09932004,-0.027478699,0.39495713,-0.09853357,0.0924322,-0.24340163,0.20490009,-0.25628707,-0.33334428,0.11527206,-0.15598387,-0.23105572,0.04234354,-0.5727889,0.2045177,-0.026489649,0.10801861,-0.14805292,0.21016484,-0.06331033,-0.30167198,-0.23333952,0.23122686,-0.13072942,-0.0058611985,-0.028126204,-0.0808012,-0.26810354,-0.27578434,-0.2379823,0.33461195,0.19857538,0.16472562,0.107414596,0.25860876,-0.21338212,-0.11394327,-0.27039275,-0.10562954,-0.26549026,0.11992927,-0.32919812,-0.15748776,-0.32768178,0.06583995,0.17503606,-0.32872078,0.05153315,-0.15712012,0.17957984,0.18824679,0.18929762,-0.025531625,-0.35857013,-0.05452401,-0.15216395,-0.2423385,0.12991937,0.41322473,-0.19088495,0.3843745,0.030234316,-0.047987275,-0.0020021838,-0.09984518,-0.32950428,0.20668869,-0.15711889,0.028621681,-0.04594832,0.078265175,0.10006633,0.3096161,0.14626576,-0.10864357,0.095887184,-0.071834974,-0.35609123,0.11662106,0.115097344,-0.17410037,-0.20951928,0.122771844,0.0173415,0.26926073,-0.08747899,-0.09387708,0.25365365,0.28991228,0.07024672,0.009484285,0.10796547,-0.21001053,-0.15837874,-0.46289763,0.21136229,-0.3146917,-0.07345826,0.23596542,0.11683833,0.083668485,-0.2199415,0.5091565,-0.08495966,0.19780082,-0.18567234,-0.021016728,0.056695003,-0.29221934,0.4934819,0.37265098,0.0988505,0.07626249,-0.15934737,0.452856,-0.10229133,-0.18071856,-0.21846855,0.050012607,0.013841893,0.16610554,-0.3491595,-0.0722767,-0.07489904,-0.26412377,0.049146503,-0.33955306,0.4002321,0.118448846,-0.47011885,0.17281379,0.09072174,0.020552171,0.064525016,-0.14251567,0.09001749,-0.16046505,0.2897351,-0.1269833,0.0320441,0.0708751,0.17589909,0.2931713,-0.33716896,-0.31583133,0.345312,0.26208928,0.08134495,0.06702333,-0.3180735,0.39188647,0.16355245,0.23901275,0.071061835,0.045569792,0.189906,0.20037474,-0.04034186,0.15642633,0.08696828,0.016395045,-0.20838407,-0.1487277,-0.1662277,-0.4400484,0.07034377,0.24767298,-0.21689387,-0.11027202,-0.23969328,0.0018121755,0.37309992,0.0048731933,-0.086180635,-0.23404466,-0.15707166,-0.26716277,-0.67415804,0.17892061,0.2513266,-0.1617273,0.33446237,0.007042461,0.08870455,-0.58260924,-0.1381538,0.082550034,-0.19171633,0.4600839,-0.09330212,-0.075287275,0.35109532,0.102204025,-0.09456921,0.07576164,-0.12175114,-0.1715628,0.117603965,-0.72466874,0.028635513,-0.1332888,-0.13028051,-0.15082785,-0.2915153,0.19978145,0.10740218,-0.3342514,0.09954027,0.36162955,-0.18406104,-0.024627984,-0.13495944,0.11216974,0.032116767,-0.19411993,0.0059587155,-0.36756155,0.034355734,-0.22197828,0.2912161,0.19671543,0.0060425433,0.20950487,-0.032931305,0.073476784,0.15885241,0.07769076,0.29866454,0.0549087,-0.118982404,-0.28656825,-0.3107609,-0.11841421,0.11063538,0.25464806,0.040851828,-0.33163574,-0.28548145,0.016073087,0.086799964,0.34098056,0.19363679,-0.23526329,-0.33558178,0.05874549,0.18979427,-0.16900101,0.14748229,0.23633577,-0.32854876,0.108167276,0.07404709,-0.18390866,0.17407787,0.5387708,0.00018959396,-0.052480664,-0.023363205,-0.23520614,0.36828396,0.051952098,-0.18105127,0.080880634,-0.21013705,-0.08566664,-0.11462383,-0.03533121,0.23703918,-0.215633,-0.04887586,-0.14656442,-0.22687359,-0.29126903,0.1690078,0.096870504,0.24504894,-0.32258344,0.12863906,0.32207602,-0.23768683,0.25152028,-0.26678243,0.19470851,-0.03230765,-0.10144991,-0.4816364,-0.116394505,-0.14444588,-0.021399962,0.10216138,0.0597466,0.0111241,0.06625973,0.046859857,0.2245806,0.52519387,0.3010801,0.38455138,-0.0669126,0.025943914,0.30558667,-0.16645437,0.09327098,-0.14923528,0.23490389,-0.15535697,-0.23151289,-0.22674093,0.1452996,0.25133315,-0.15219209,0.098632514,-0.25789654,0.03960061,-0.33813953,0.09042801,0.005977295,0.13158244,-0.15499246,0.5390679,-0.31384423,-0.3369477,0.28415322,0.018001048,-0.097659856,-0.18891631,0.25765234,-0.069382444,-0.17162825,-0.07984538,0.33014774,0.006789159,0.0026417521,-0.097095296,0.088823415,0.022962967,0.36334643,0.067384824,-0.19222437,0.049280383,-0.015453541,0.014301525,0.0068854545,0.1483158,-0.21199675,-0.031941917,0.13639835,0.43201852,0.029649021,0.35131553,-0.11725169,-0.21846265,0.41265938,0.06968078,-0.13265462,-0.08610129,-0.13997811,-0.57456535,0.19909117,-0.16803409,-0.24256475,0.04212741
20,0.14872521,0.40781847,0.1924759,-0.10651223,-0.016210409,0.007234402,0.27007195,-0.08882113,-0.026600303,-0.02359358,-0.026263392,0.14917777,-0.053946577,0.08698553,0.13700975,-0.10019775,0.024127139,-0.014442472,0.04160617,-0.024880296,0.23273626,-0.042076208,-0.014699304,-0.05767161,0.24108475,-0.13024865,-0.31962544,0.1396194,-0.50331724,0.16526125,-0.06502778,-0.008617075,0.15304306,0.0535607,0.058875166,-0.2032214,-0.32993194,0.3983517,-0.28398734,-0.008897008,-0.07942477,0.21403718,-0.3964976,0.3414199,0.19743958,-0.110301584,0.08886256,0.14301331,0.3609042,0.24844596,-0.22354686,0.16508242,0.19538112,-0.02076429,0.07242407,0.23898765,0.31235084,0.41697854,0.2238489,-0.068131685,-0.0036114529,-0.1036348,0.31688613,0.13432416,-0.16164239,0.32806632,0.32789955,0.25800356,-0.2142597,0.13444032,0.3622226,0.3952744,-0.046758197,0.31196684,0.11602534,0.26762164,0.20909128,0.37879434,0.09564998,0.059477344,0.16572939,0.21506372,-0.5315611,0.12259952,0.260154,-0.22220103,0.10077326,0.12002803,0.103333235,-0.17162831,-0.001101819,0.19648118,-0.18706511,0.41484818,0.082700774,-0.05318248,0.11823575,-0.06257047,0.22748667,0.14152734,0.32848725,0.4652737,-0.60910183,0.30719233,-0.07026172,0.12985481,0.3250185,-0.6229688,0.6196368,-0.3767919,-0.3635273,0.29000467,0.38988695,-0.24624868,-0.20163928,-0.32713103,0.12218415,0.07689877,0.032507252,0.22327466,-0.016178066,-0.05504619,-0.11250427,-0.13475989,-0.02351623,0.46567383,-0.33809435,0.2960144,0.16633111,0.086671464,0.0609975,0.13883844,-0.08272267,-0.537238,-0.2557318,0.32433173,0.12832507,0.40079913,-0.77581525,-0.41116822,-0.010149867,0.070697635,-0.009108451,0.12467133,-0.14388672,0.17923354,0.046359736,-0.078294486,-0.2972967,-0.088910386,-0.23987518,-0.20357776,-0.24053961,0.059621483,-0.18751669,-0.30898282,0.29606673,-0.17339428,0.11667426,0.38369134,0.2499585,0.056782417,0.13648412,-0.3114407,0.3657093,0.458712,0.024367902,-0.022764055,0.1423953,0.1309194,0.142755,-0.09063036,0.020669974,-0.5203439,0.2925759,-0.42507896,-0.1716873,-0.021172851,0.06364266,-0.1709074,0.28623495,-0.09245055,-0.066865,-0.35717672,0.11597827,0.74510664,0.22469498,0.18784456,-1.0394411,0.04032452,0.10741347,0.31297463,0.21015269,-0.12652846,-0.72217196,0.1252272,0.17211302,0.008383804,-0.21147093,-0.13236977,0.082565986,-0.14602478,-0.0957634,-0.25531518,0.20352605,-0.14521258,0.13990538,0.09013029,0.6110187,0.21338452,-0.040482216,0.1388338,-0.12229874,0.21778683,-0.11369943,0.83019614,-0.28552485,-0.5658641,0.23766764,-0.033057876,-0.3305379,0.07068361,-0.24977323,-0.051308975,-0.07333423,0.38687018,-0.22902016,0.16537596,-0.28350276,0.44902894,-0.15555423,0.1713826,0.15442309,0.016349731,-0.11944324,0.11460397,0.049490895,0.19605274,0.15897503,-0.046904255,-0.14083499,-0.30475408,-0.22195262,-0.2590875,0.2276382,-0.07581617,0.2568971,-0.35444283,0.24032761,0.05761842,0.27269918,0.005929595,-0.031104796,0.03556731,-0.036670562,-0.28080583,-0.29115117,0.45599473,-0.42101482,-0.41315898,0.024307853,0.15795656,-0.107582524,0.14283718,-0.044024866,0.3675925,-0.4395209,0.20972279,-0.2392831,-0.19639456,0.02120917,0.2765649,0.08822648,0.002604336,-0.23143736,-0.107966825,-0.036323275,-0.26557997,-0.51049215,-0.23783429,-0.15555798,0.07000628,0.33982784,0.09186933,0.13763145,-0.41619903,-0.1616887,0.3310066,0.15501252,0.07203958,-0.02368468,0.29420957,-0.373925,0.02242168,-0.015391671,0.2667509,0.030658096,-0.577534,-0.17155848,0.13325828,0.13956791,0.32170698,-0.2750119,-0.27281633,0.58181846,0.10439305,0.10894471,0.07020779,0.20426428,0.028584749,-0.023743642,0.31478798,0.1220426,-0.03403737,0.16342027,-0.020491887,0.30487388,-0.018020665,-0.03230772,0.21928518,-0.00800601,-0.14636357,0.1947511,-0.055084646,0.046310857,-0.090196274,0.115756296,-0.106500834,-0.15634526,0.4066249,0.14015533,-0.0386809,0.101650015,-0.19679841,-0.10658344,0.10311011,0.11790984,-0.015857577,-0.184008,-0.15289958,0.17329954,-0.5919692,0.0687541,-0.19318597,0.18615186,-0.04248066,-0.04909946,0.4709413,-0.110900946,-0.30015588,-0.025350884,0.25420463,0.29755634,-0.023304278,-0.11634666,0.07194055,-0.13791223,-0.19187394,-0.20177086,0.06780861,0.22896318,-0.4473035,0.23588817,-0.26583472,-0.056239,0.23468857,-0.007204538,0.09103067,-0.002300786,0.16586472,-0.123441905,-0.039742947,-0.060229942,-0.008945322,0.5746851,-0.2436401,-0.45103964,-0.5753279,-0.19688347,0.14458437,0.090897515,0.05650801,-0.34144318,0.7553103,0.20046695,0.12651713,0.084442094,0.33814156,0.120853886,0.2533226,0.052691367,-0.2865716,-0.18034254,0.36344993,0.22934407,0.06352477,0.10374237,0.1204034,-0.18486415,0.08113379,-0.2187738,-0.21591945,0.033309195,-0.45169568,0.35572818,-0.38864225,-0.17250073,0.014489952,-0.025248472,-0.016837724,-0.14867494,0.200577,0.1957266,0.50126725,-0.0893249,-0.39197898,-0.47616714,0.25495216,0.006802353,0.15102352,-0.1377993,-0.30079186,0.19811334,-0.43671405,0.19694212,0.22288993,0.040992416,-0.13882598,0.031892426,0.31374645,0.6648341,0.08553249,0.41080818,-0.2150018,0.009142572,-0.056573447,-0.023796069,-0.2002352,0.09228271,0.23796935,0.40473092,0.15207557,-0.23939121,0.16397989,0.5264564,0.12732148,-0.19878387,0.3138083,-0.023843154,-0.0292279,-0.1206843,0.08431025,0.084086865,0.27021608,-0.10757136,0.0468069,-0.14590378,-0.04601303,0.3492964,0.17887904,0.08881919,-0.16262951,-0.3460066,0.12513089,-0.23355444,0.047049407,-0.13836782,0.08224567,-0.12162005,0.05611135,-0.053578567,0.32752788,-0.12525986,-0.3575754,0.0017598051,0.012709009,-0.077439435,0.048259053,0.087997116,0.35182682,-0.24899147,0.32098135,0.20138526,-0.14426579,-0.3244849,0.2372175,0.098418154,0.113519505,0.40070397,0.14884503,-0.30930024,0.06495499,-0.3337805,0.12481732,-0.40106645,-0.2834353,0.2828074,-0.25589386,0.15614419,-0.28575358,0.49330026,0.2715235,0.061538275,-0.41502103,0.5344307,0.07176843,0.2172712,0.03811111,0.06161264,0.10868721,0.10703712,0.16224466,-0.17154236,-0.3651924,0.025202341,0.1202631,0.46512407,0.12109364,-0.29488868,0.21937634,-0.27624223,-0.3513975,0.40094236,-0.16182883,0.106910944,0.20124882,0.098959155,-0.055993155,0.35327494,-0.08520265,-0.17470698,-0.019542458,-0.7295225,-0.21728003,-0.15917931,-0.24670938,0.025238836,0.011451297,0.10677784,-0.08548145,0.415638,-0.1775448,0.14602564,0.50463134,0.08619117,-0.25793514,-0.14976378,0.24905118,0.17264815,-0.28855273,0.012917028,0.31090802,-0.5150152,-0.84973025,-0.13759804,0.13624457,0.030365279,-0.24903189,0.18333766,-0.07025646,-0.26236367,-0.13760833,0.04206474,-0.07694455,-0.11455891,0.06216205,0.22369553,-0.056015953,-0.12922572,-0.47354618,-0.17741185,0.14158332,0.135822,-0.19449376,-0.62058043,-0.025186582,-0.09645011,0.19920877,0.3551716,-0.007408925,0.4195812,-0.32227477,0.17157817,-0.47825834,0.047950957,0.12885377,0.34956294,-0.29702872,-0.20889556,0.7754302,0.1087289,-1.1487567,0.03183553,-0.12175941,0.20460024,-0.031147465,-0.095972046,-0.33214137,0.16054168,0.3831076,0.23932032,0.28764588,0.19976504,0.21433695,0.32364383,0.12734795,0.43926087,-0.17292836,-0.0008870321,0.22220886,-0.0768544,0.20722224,-0.17698167,0.15816507,0.20601241,-0.2958274,0.1961089,0.017806051,-0.20824285,0.3981908,0.42667174,-0.053045575,-0.5994213,-0.0043733604,-0.054494556,-0.12770179,0.21323778,-0.4233344,0.3775299,-0.06290429,-0.09320677,-0.20330743,0.096731156,0.15172283,-0.0024620641,-0.109544046,-0.18793815,0.1406669,-0.13503462,-0.14030997,-0.5841893,-0.37753844,-0.13562635,0.23359358,-0.0457574,0.09548493,0.41626474,-0.29228324,-0.82664925,-0.029522523,-0.6927488,0.1973723,0.35802162,-0.035015397,-0.18447198,0.16373388,0.25760302,-0.055266228,0.08192095,-0.16645882,-0.22177963,0.0637767,-0.19578129,0.0059837527,0.4573953,-0.008663029,0.059060603,-0.21430975,0.14408506,-0.29336315,-0.43485552,0.07128829,-0.19565187,-0.19309959,0.01937773,-0.60449463,0.1473554,-0.07664486,0.14067093,-0.14012612,0.27151313,-0.1029044,-0.29290894,-0.2947564,0.24511334,-0.1521567,-0.04583125,-0.15937933,-0.12961225,-0.28354177,-0.2816687,-0.22130531,0.2729567,0.14009996,0.0608759,0.048353005,0.20119779,-0.26026568,-0.18460041,-0.23172697,0.014886355,-0.29854253,0.16382068,-0.41641954,-0.259759,-0.37717637,0.12341929,0.18146712,-0.297479,0.121936224,-0.0887923,0.18502289,0.051652726,0.22095887,0.0042435825,-0.4479917,0.059832267,-0.12844586,-0.25025666,0.1273741,0.36738193,-0.20681806,0.36710173,0.174748,0.0030826838,-0.07472484,-0.16267276,-0.41642812,0.19927756,-0.14042673,0.02082686,-0.044075705,0.10392554,-0.034193456,0.33038923,0.17481607,-0.119752206,0.11968714,-0.13769431,-0.4455456,0.13804954,0.071346715,-0.18946655,-0.25507855,0.15989317,-0.03522096,0.28671962,-0.10686308,0.012833215,0.29054162,0.37273124,-0.048435666,-0.055734325,0.080440156,-0.18073067,-0.14026648,-0.47088233,0.27736267,-0.33963728,-0.090680435,0.2581137,0.043025453,0.12476,-0.24029595,0.66855544,-0.08415496,0.10348765,-0.20525254,0.011838882,0.044458773,-0.36227292,0.57652587,0.47188878,0.08164739,0.023009313,-0.13235295,0.44017857,-0.1896064,-0.21339454,-0.22536261,0.06772475,-0.023393344,0.09614747,-0.38891187,-0.034381676,-0.075612456,-0.23336314,0.0008678472,-0.31056863,0.3439377,0.11354408,-0.5366433,0.14977488,0.049563304,0.06421449,0.117424875,-0.1596584,0.0860673,-0.16091914,0.27432653,-0.18479446,0.03404548,-0.002655284,0.21054845,0.3276496,-0.38243562,-0.45394492,0.38919723,0.28898323,0.2216438,0.074389555,-0.23777488,0.41029188,0.2035488,0.1295565,0.030245282,0.035561007,0.20870276,0.262337,-0.0008421312,0.23298545,0.050558656,0.07362472,-0.17229487,-0.19070506,-0.2802086,-0.41171762,0.05279414,0.23661257,-0.16818078,-0.084590904,-0.25599933,-0.013215275,0.41077378,0.022047186,-0.07240042,-0.29745534,-0.0960945,-0.21796288,-0.76736015,0.17907853,0.23507673,-0.12887459,0.30413532,0.041282468,-0.005835764,-0.6667716,-0.08125084,0.085924335,-0.21953365,0.47072494,-0.1490653,-0.13937318,0.37998998,0.052536406,-0.11192006,0.09874737,-0.22388093,-0.111399285,0.13249414,-0.7753008,0.019443495,-0.22236092,-0.11990969,-0.22611175,-0.4364457,0.074185885,0.06290177,-0.31078938,0.15580618,0.44517642,-0.23787054,0.020725263,-0.18436106,0.13446778,0.06652152,-0.20168476,0.04444148,-0.3889044,-0.018553324,-0.29639596,0.3006182,0.19302449,0.0039734207,0.27955824,-0.040614538,0.12199148,0.077110596,0.15025918,0.25813642,0.037389096,-0.061776925,-0.30920872,-0.27947384,-0.18151142,0.12859616,0.28850678,0.05807577,-0.35685098,-0.23943472,-0.041752093,0.15909332,0.42130896,0.20345218,-0.28314355,-0.342548,-0.022633176,0.21697778,-0.24732214,0.13622636,0.2977946,-0.24557352,0.07316583,0.07409598,-0.20131485,0.25466546,0.5041538,0.089404464,-0.09596795,-0.06127601,-0.20608735,0.46268496,0.098023355,-0.17751102,0.06931525,-0.21788207,-0.016832476,-0.029509084,-0.045881335,0.2360882,-0.2296081,-0.03878104,-0.080107845,-0.36227754,-0.30621698,0.12201882,0.019542348,0.19966285,-0.37145352,0.18394275,0.28670147,-0.27722704,0.31901157,-0.22044146,0.21372621,-0.006248045,-0.14407201,-0.5087862,-0.07578788,-0.18274565,0.039963946,0.06445614,0.17529625,-0.10538753,0.022073068,0.037193306,0.20809154,0.53506905,0.24566711,0.40743232,-0.108705625,0.039856594,0.1779048,-0.15783975,0.12658834,-0.18932275,0.25689134,-0.28450078,-0.2448447,-0.28081664,0.1341947,0.34497073,-0.11058788,0.03934181,-0.18270542,0.12564372,-0.36662123,-0.0022359923,-0.041267566,0.2430922,-0.1469493,0.61420375,-0.32104552,-0.33744073,0.34966612,0.021880623,0.0008373875,-0.29071954,0.29451668,-0.07434412,-0.102101475,-0.002565051,0.37455747,0.058815952,-0.03195848,-0.1790964,0.10267984,-0.038307007,0.48182282,0.033491574,-0.24383153,0.09346406,-0.048675176,0.12663345,0.04118439,0.20763192,-0.17330247,-0.087725505,0.09576078,0.49911857,0.08348779,0.36413515,-0.19088648,-0.07161162,0.43824103,0.104312345,-0.16924061,-0.0982725,-0.19453272,-0.6250144,0.13023208,-0.11187825,-0.21645264,0.07349263
21,0.10379559,0.44361424,0.26821676,-0.10901851,-0.03029851,0.05586917,0.283778,-0.017738609,-0.12841709,-0.0012501584,-0.001069782,0.14006071,-0.11467234,0.10509482,0.13201903,-0.12958813,-0.06538834,-0.05241511,0.07077404,-0.044448912,0.11529094,-0.08044733,0.0015822587,-0.008442729,0.32428774,-0.16256744,-0.29402712,0.1239261,-0.460761,0.15077752,-0.09055145,-0.050132815,0.093567915,0.10316281,0.1368291,-0.15513876,-0.40013918,0.34635568,-0.37685412,0.0031268916,-0.009047701,0.28295547,-0.37362918,0.40063286,0.22684368,-0.028500997,0.059196092,0.19957434,0.31869307,0.16516389,-0.21955043,0.095811725,0.13833098,-0.09273814,0.10957858,0.29397577,0.24904375,0.47385234,0.3216269,-0.11366613,-0.05559984,-0.07465132,0.25783762,0.042151656,-0.18578002,0.3256613,0.19597922,0.33255407,-0.27099735,0.10599993,0.4090029,0.37484893,-0.07776302,0.341533,0.1577481,0.24168465,0.21088943,0.45855576,0.04575031,0.039998572,0.20518127,0.2019307,-0.38938677,0.040734235,0.2230813,-0.18542954,0.05148779,0.10553589,0.06848605,-0.18053089,0.07403391,0.320982,-0.012635201,0.49574006,0.014194045,-0.052137077,0.11990322,-0.13432738,0.21316627,0.09231908,0.34805703,0.48118484,-0.62784404,0.30082223,-0.09858978,0.2673444,0.32968974,-0.54728365,0.5289896,-0.37319326,-0.41044715,0.30884537,0.34563386,-0.32552335,-0.18672355,-0.32560065,0.09488525,0.045933295,0.100872874,0.1920999,-0.047344394,-0.091971874,-0.07217053,0.06531802,-0.071309686,0.3798249,-0.3206007,0.23235236,0.20225139,0.21236849,0.13412444,0.18372875,-0.118854195,-0.51891994,-0.32451153,0.30875137,0.008558736,0.36190763,-0.74041444,-0.45050982,-0.05799445,0.07971549,0.049751222,0.106405005,-0.116369426,0.10500484,0.069297336,-0.09000362,-0.2722307,-0.04462941,-0.21879075,-0.19007462,-0.21714042,0.066079356,-0.22101861,-0.32824844,0.25534174,-0.20064247,0.15579028,0.40615824,0.34900782,0.034957603,0.15599304,-0.29713792,0.33785012,0.54347247,-0.009869445,0.014829138,0.25566873,0.10942746,0.06406162,-0.07040116,0.027902305,-0.4713972,0.3345508,-0.49074277,-0.086699404,-0.016800536,0.013921449,-0.13780208,0.35990304,-0.12436634,-0.014496972,-0.37679076,0.02437724,0.7353495,0.3007436,0.20652665,-0.9583312,0.060747195,0.13862666,0.33729848,0.25942907,-0.14319098,-0.5780373,0.1284431,0.13394898,-0.002804861,-0.14423949,-0.2065261,0.046632025,-0.22097258,-0.16803868,-0.16757956,0.24376759,-0.17974445,0.2781495,0.14472398,0.56442654,0.226559,-0.07146709,0.09078315,-0.15307687,0.23303422,-0.08402174,0.81023186,-0.26887673,-0.5636371,0.18591486,-0.05051006,-0.33713457,0.11397184,-0.31357214,-0.022040846,-0.06191303,0.39469993,-0.34036863,0.20380749,-0.22178032,0.39754388,-0.16952905,0.1503004,0.110554725,0.051849768,-0.062990084,0.1305512,0.11689136,0.16115385,0.048745148,0.048292406,-0.26330024,-0.43235758,-0.22843923,-0.2263673,0.2195989,-0.049308166,0.24884817,-0.36107463,0.28352866,0.031900708,0.17844163,0.033416446,-0.08033515,0.0022613648,-0.036609303,-0.36922216,-0.2828185,0.46484917,-0.3923393,-0.36422354,-0.047280297,0.13867265,-0.11031394,0.16691743,-0.05790462,0.32276458,-0.3718898,0.15343381,-0.22260799,-0.21850465,0.05613779,0.24672048,0.12350466,0.029279126,-0.4155748,-0.1253963,-0.028087022,-0.30506164,-0.51335293,-0.27038613,-0.18022345,0.054508798,0.3256783,0.08141785,0.13625997,-0.40999848,-0.16020222,0.24686041,0.15750208,0.08460203,-0.035334393,0.16731949,-0.30198547,0.10614492,0.05105024,0.22651273,-0.002372665,-0.64735043,-0.12582292,0.21426427,0.033453993,0.28514525,-0.29809153,-0.20421216,0.5532348,0.07204864,0.17359775,0.12549007,0.17363305,0.10488707,-0.052203495,0.33654213,0.24502368,-0.02674496,0.21247162,-0.0509872,0.27742013,-0.030448606,-0.08227294,0.14718306,0.031379238,-0.10762499,0.17712575,-0.1583553,-0.037811678,-0.09036691,0.11799619,-0.13651866,-0.200143,0.28557563,0.111522324,0.046530195,0.06856275,-0.13528219,-0.1474147,0.12704334,0.07722702,0.012047306,-0.16104981,-0.029913668,0.14975056,-0.5722335,0.14592387,-0.24108773,0.033605088,-0.086528316,-0.054683015,0.4247023,-0.053534325,-0.30195567,-0.06575385,0.34126404,0.2615836,-0.059181355,-0.19121172,-0.015072053,-0.18036796,-0.17892586,-0.14530414,0.055630703,0.18884303,-0.39791125,0.2694101,-0.33023942,-0.0014746427,0.26404896,-0.025358206,0.14427204,-0.10035385,0.16141486,-0.1306699,0.039130714,-0.06454106,0.019109832,0.55290663,-0.25534782,-0.42428315,-0.6259828,-0.09194747,0.15348116,0.010523659,0.13328004,-0.30460578,0.6832515,0.13609295,0.12949806,0.09326334,0.34317017,0.041726813,0.21650922,0.08188335,-0.21662961,-0.18740779,0.26980278,0.17938866,-0.05607675,0.10389043,0.2317835,-0.16703022,0.22493151,-0.25107265,-0.19481044,-0.009773116,-0.3744661,0.3118868,-0.38275126,-0.2111967,-0.081685916,0.095054746,0.021443184,-0.23686387,0.24105427,0.185485,0.42341068,-0.027335795,-0.28007385,-0.50653577,0.26758456,-0.09348007,0.124423146,-0.06075718,-0.33861166,0.22179338,-0.39262164,0.12077142,0.27958962,-0.031891968,-0.16802569,-0.038958725,0.20044892,0.5423196,0.18805967,0.5551896,-0.18631674,-0.013315016,-0.04074833,0.09049648,-0.2592467,0.098762505,0.17340793,0.3734815,0.07580179,-0.23609583,0.29397148,0.5695903,0.04289222,-0.17909522,0.35536137,-0.038055822,-0.04502138,-0.04206544,0.10798282,0.061855223,0.3189583,-0.13165572,0.093953155,-0.17189972,-0.051215064,0.29687622,0.14869608,0.024861675,-0.062560804,-0.39884847,0.040325917,-0.23254183,0.07625717,-0.07254787,0.14222676,-0.21575095,0.045346644,-0.03080923,0.32256314,-0.14729536,-0.25261799,0.13361576,0.09972255,-0.08045375,-0.0013548672,0.08194345,0.35880396,-0.22174759,0.30488804,0.16986339,-0.072575726,-0.24150398,0.26643744,0.09245582,0.107564196,0.3787644,0.15399002,-0.29831702,0.17069751,-0.26446167,0.16347173,-0.38377962,-0.26689583,0.2590222,-0.29168904,0.15161487,-0.286818,0.47106925,0.16721185,0.07319361,-0.5191212,0.5554865,0.1794025,0.20919384,0.05245932,0.030054841,0.009394794,0.04656164,0.16539143,-0.083298065,-0.42024148,-0.049282383,0.09139133,0.43514815,0.11900418,-0.32722953,0.26987502,-0.30691472,-0.3796243,0.39171386,-0.21745071,0.10130867,0.16671489,0.030845236,-0.11540607,0.31183222,-0.16788347,-0.20935977,-0.0772226,-0.66226065,-0.21793182,-0.26626474,-0.2957123,-0.019412942,0.062290285,0.09037415,-0.10742847,0.37558526,-0.20574391,0.1485886,0.5263056,0.13624479,-0.30841127,-0.15410751,0.14379375,0.14009751,-0.40111998,-0.0050409883,0.25906906,-0.61065876,-0.8042779,-0.07429784,0.15545939,0.09148425,-0.22736995,0.20018382,-0.0056087226,-0.20727488,-0.10476612,0.017213998,-0.09486635,-0.11159276,0.07144192,0.24901432,-0.06462412,-0.14478649,-0.4830039,-0.12850933,0.16702557,0.15578468,-0.2150484,-0.5994299,-0.012806109,-0.1529797,0.22923991,0.32628247,-0.008563262,0.37499723,-0.30543604,0.13649766,-0.437257,0.00171625,0.13118294,0.2878331,-0.2792312,-0.29320306,0.751942,-0.02189586,-0.9298755,0.035978515,-0.18407908,0.13964012,0.028981715,-0.017859058,-0.33150792,0.110673696,0.3718125,0.20237191,0.32534355,0.20441945,0.18661626,0.4169662,0.19765942,0.37777492,-0.17549403,0.052674815,0.19154398,-0.1598934,0.18830788,-0.20790012,0.16505304,0.22271787,-0.29953107,0.12487252,-0.044331513,-0.2338835,0.54515505,0.34958297,-0.037299618,-0.5661751,-0.08991105,-0.021095304,0.065939076,0.17802447,-0.45905977,0.35905972,-0.07861359,-0.12869838,-0.19346818,0.074985206,0.09504589,-0.00087258354,-0.06802975,-0.18229268,0.110575475,-0.13723396,-0.056923434,-0.5989613,-0.40285784,-0.1444585,0.28365567,0.0558345,0.09192572,0.5611493,-0.21930328,-0.7295431,0.0072666425,-0.62334245,0.23797536,0.40090737,0.00620974,-0.16560408,0.23716746,0.25486282,-0.07322912,0.053066242,-0.16116309,-0.3518534,0.057953797,-0.12736903,-0.015650207,0.4649654,-0.0010594865,0.11383073,-0.2695789,0.10753642,-0.18598738,-0.45914236,0.15685876,-0.27089506,-0.21010952,0.18715112,-0.5653857,0.09882726,-0.06007822,0.07180026,-0.17413768,0.19645351,-0.11709878,-0.24224627,-0.26050323,0.2917139,-0.19940929,-0.063996814,-0.19076146,-0.10439075,-0.23612715,-0.31265473,-0.2926189,0.26682487,0.19621144,0.11733971,0.04431113,0.21296462,-0.26272106,-0.09925066,-0.3326908,-0.058738407,-0.43188456,0.03561752,-0.29472858,-0.19193597,-0.35662472,0.065650314,0.17263997,-0.32539067,0.04521618,-0.21275455,0.2432104,0.11200633,0.2513892,-0.015581281,-0.34592798,0.07905288,-0.17965156,-0.30350125,0.15080169,0.3402449,-0.24848779,0.34274405,0.19467293,-0.04269811,-0.033073027,-0.15637894,-0.3656692,0.15897731,-0.05772597,0.029098846,-0.1317146,0.06553469,-0.030290607,0.28430712,0.19826987,-0.1185232,0.08300357,-0.13013463,-0.44109663,0.1178938,0.18807362,-0.11649007,-0.15371726,0.104442514,-0.0068264236,0.31937787,-0.115990065,-0.15856679,0.2453032,0.3305852,-0.048936784,-0.0037353057,0.1253709,-0.1869832,-0.1183328,-0.46827242,0.27295348,-0.32197663,-0.044056673,0.26230812,0.023771467,0.13588478,-0.1766246,0.6071182,-0.22411482,0.122160755,-0.22886112,0.015126689,0.07218163,-0.25495166,0.45228946,0.3406503,0.087642685,0.060835242,-0.23022781,0.54879093,-0.12891406,-0.09950129,-0.15438952,0.149977,-0.09534725,0.19486628,-0.34458053,-0.014528332,-0.14811495,-0.33911884,0.012343743,-0.2576145,0.41576898,0.18805785,-0.43791243,0.094999656,0.117935546,0.06974312,0.1165323,-0.28799814,-0.0011222315,-0.17496222,0.22917496,-0.16145854,0.056963004,0.09495478,0.28607282,0.36385098,-0.35970712,-0.33546254,0.37226057,0.2869686,0.15387124,0.1547445,-0.3565759,0.48598552,0.19489321,0.18874872,0.1219367,-0.005239821,0.14675732,0.21794769,0.0551481,0.24889019,-0.0013024699,0.093100145,-0.18660827,-0.13422905,-0.23357958,-0.40297577,0.100206174,0.13023613,-0.16460261,-0.117082044,-0.26328123,0.02337911,0.40884396,0.14279403,-0.08563726,-0.29592714,-0.19057888,-0.25266954,-0.6359822,0.23714927,0.21320817,-0.17723568,0.28781292,0.061697815,0.0074318796,-0.6592797,-0.07586847,0.03281577,-0.22166099,0.4235394,-0.1241495,-0.11466165,0.3632952,0.008004547,-0.18446505,0.075041935,-0.14141178,-0.2252672,0.27166098,-0.7940215,-0.007291259,-0.24660534,-0.10525808,-0.09744263,-0.36356422,0.09366675,0.032619875,-0.25373703,0.08320547,0.3999588,-0.27159518,-0.03766111,-0.15875757,0.12013536,0.06208343,-0.279045,-0.07344845,-0.35253325,0.009106015,-0.3004669,0.29524007,0.25135943,0.034659542,0.2054932,-0.062822066,0.039506525,0.11549451,0.11045399,0.28127357,-0.08721012,-0.07963341,-0.28269818,-0.35496268,-0.15393242,0.09918382,0.26037586,0.120305836,-0.35385427,-0.3206132,-0.008263798,0.15165652,0.37955445,0.33763814,-0.20464233,-0.29278764,0.053316236,0.23571984,-0.11912185,0.19254285,0.25078437,-0.30663738,0.23492023,0.081103064,-0.15585819,0.21869612,0.5234874,0.021994315,-0.12452228,-0.02680884,-0.1865777,0.3554043,0.021359788,-0.18583906,0.10490859,-0.21595246,-0.03561533,-0.09175171,-0.026383987,0.21720901,-0.28431085,-0.03369858,-0.18807682,-0.25259167,-0.28331953,0.05241831,-0.014494863,0.30058703,-0.38592002,0.21641056,0.3684026,-0.28274143,0.29045907,-0.28546602,0.2671503,0.08713573,-0.13738243,-0.5143095,-0.06620195,-0.15336399,-0.002366059,0.11836046,0.13046084,-0.06839776,0.014655268,0.10084561,0.26138556,0.47144523,0.23340636,0.32390642,-0.043909077,0.033929773,0.23666257,-0.15283874,0.17147608,-0.18184686,0.30961865,-0.24518438,-0.18099296,-0.2218971,0.10682297,0.31545228,-0.14263715,0.02685358,-0.27341196,0.07844002,-0.39037317,-0.00895248,-0.015625339,0.17940252,-0.10310059,0.6280104,-0.35015512,-0.2850422,0.25953984,-0.03890286,0.04490151,-0.13694675,0.34390542,-0.08098434,-0.10784425,0.063037425,0.27500588,0.11269526,0.065958,-0.11457353,0.08927813,0.06456464,0.41061118,0.021123562,-0.22475606,0.08248337,-0.018396668,0.06545903,0.034308486,0.1763001,-0.22458504,-0.08923255,0.07851952,0.46745753,0.12161281,0.41975242,-0.15771805,-0.21527004,0.4081221,0.15382595,-0.16343181,-0.07894929,-0.24378203,-0.65293306,0.1923417,-0.099646926,-0.288696,0.08094712
22,0.12907557,0.36552086,0.21054332,-0.13469675,-0.020075845,-0.0072231865,0.29925206,-0.014283793,-0.088555284,-0.06412121,-0.042346418,0.17573039,-0.19575104,0.072297744,0.060337618,-0.17304076,-0.017125959,-0.09002997,0.08833764,-0.15299308,0.18548517,-0.06233504,-0.11087816,-0.079699725,0.4064604,-0.21531974,-0.12787864,0.15601067,-0.37365857,0.15095119,-0.051062964,-0.06501557,0.13509898,0.15555863,0.22680281,-0.13142623,-0.34354645,0.3354137,-0.32565078,0.0635513,-0.06799557,0.35005972,-0.5332685,0.2692539,0.17701869,-0.094069846,0.07578372,0.11672686,0.45667148,0.22890075,-0.27302614,0.014968366,0.20388177,-0.103209816,0.061724484,0.25492898,0.29655665,0.5104448,0.26871434,-0.117157444,-0.030006351,-0.02400858,0.3663044,0.014470237,-0.25587955,0.27913293,0.15412135,0.2872945,-0.22831994,0.10521208,0.37712815,0.39635357,-0.04394985,0.19375671,0.2654697,0.3061247,0.30645266,0.4626638,0.017350335,0.020556884,0.2521891,0.15541328,-0.5111572,0.21724333,0.2641798,-0.29020452,0.006640762,0.148099,0.12577829,-0.23207906,0.0040181936,0.38771746,-0.07892764,0.40916306,0.105027094,-0.013333327,0.10409257,-0.05440531,0.28405493,0.08732083,0.34908438,0.4513709,-0.7088609,0.37676957,-0.06699922,0.2353756,0.28766435,-0.5923596,0.6099584,-0.37176418,-0.41584527,0.23075445,0.38684276,-0.3562308,-0.22171256,-0.21644811,0.19313315,0.018991753,0.04474997,0.27286598,0.094724365,-0.19607623,-0.1196258,-0.08357803,0.07195098,0.57546073,-0.30926865,0.22816552,0.10390365,0.21819822,0.15328659,0.124125935,-0.14103226,-0.50144327,-0.24954231,0.24357405,0.0738044,0.39204937,-0.82116425,-0.40419635,-0.024322554,0.060848817,0.04794474,0.08353095,-0.19467172,0.2277617,0.11061324,-0.15371582,-0.19110547,-0.11076026,-0.14565861,-0.23700412,-0.15742306,0.07954368,-0.11780704,-0.28676802,0.15060598,-0.23916823,0.12461408,0.44092655,0.24857457,0.08359962,0.12036035,-0.1692782,0.29755184,0.47114712,-0.021689333,-0.0012873823,0.19065142,0.1657754,0.23605499,-0.21443272,-0.06905261,-0.32644624,0.4269521,-0.41026524,-0.024040911,-0.006635731,-0.04944501,-0.20708254,0.41061655,-0.09344006,-0.12402291,-0.39213124,0.14038205,0.7706075,0.28875563,0.17745286,-1.0134941,0.13593036,0.08442608,0.38470715,0.17334278,-0.24241938,-0.5800864,0.18650681,0.23437274,-0.020943694,-0.26598445,-0.22630127,0.0317409,-0.2101935,-0.18293619,-0.27477977,0.1681022,-0.19496752,0.20109689,0.13371009,0.5897451,0.37015393,-0.059116527,0.14817017,-0.115323335,0.22720134,-0.14896066,0.8239813,-0.24440093,-0.5920635,0.3242714,0.0059064827,-0.32341182,0.07821871,-0.37180397,0.04155338,-0.1169711,0.42443493,-0.3704027,0.25383058,-0.24516627,0.3877108,-0.09547783,0.15704897,0.075067766,0.03489661,-0.060580995,0.13786156,0.025110627,0.14925525,0.11610017,0.074125625,-0.24968733,-0.4335036,-0.14757735,-0.28634492,0.20946741,0.015837986,0.236824,-0.32192937,0.35712966,0.03425964,0.22585504,0.04452083,-0.12073349,0.057634104,0.023345614,-0.31171405,-0.32108036,0.5363351,-0.45922968,-0.32668853,-0.03249996,0.11847776,-0.12511311,0.21253066,-0.050562184,0.42814818,-0.45377907,0.07201961,-0.22716093,-0.17444292,-0.039516803,0.23954453,0.13869898,-0.033440046,-0.34258246,-0.0065480648,-0.043084566,-0.2298706,-0.49809194,-0.20388274,-0.116863385,0.10376691,0.34041315,0.023229303,0.17489673,-0.44011134,-0.093604065,0.2447383,0.093789935,0.060664885,-0.05869447,0.2529958,-0.27599987,0.11706148,0.03525556,0.32159185,-0.04391305,-0.63706183,-0.10572069,0.26567903,0.06932768,0.3630162,-0.27749887,-0.31458867,0.5982981,0.047397893,0.04076665,0.108209044,0.23617448,0.19850829,-0.09044141,0.31446576,0.273373,-0.078350015,0.18376596,-0.040009383,0.24814662,0.06479833,-0.08773328,0.17019577,-0.037692215,-0.122370414,0.2684085,-0.13012022,-0.031388722,-0.03233766,0.060091425,-0.056010865,-0.24819846,0.42236894,0.040115632,0.016488735,0.1814925,-0.10877687,-0.15085456,0.1511387,0.14358237,0.03379116,-0.19553712,0.028181966,0.14119026,-0.56984335,0.099396676,-0.2801044,0.1097758,-0.09156055,-0.032796774,0.44445595,-0.13158132,-0.27430406,-0.0845125,0.36079636,0.28085598,0.039295897,-0.05927805,0.058941197,-0.00015054551,-0.22438687,-0.27590504,0.12524949,0.29906192,-0.428071,0.2401549,-0.25411862,0.024091203,0.21977223,0.019027548,0.117534555,-0.055021856,0.21444216,-0.16649334,0.06120002,-0.0949585,-0.026454706,0.58218545,-0.29085553,-0.4105854,-0.692526,-0.14670174,0.18959506,-0.02151848,0.19041474,-0.32414797,0.7313909,0.17134905,0.14915317,-0.04929526,0.40022668,0.045642763,0.18781014,-0.06725591,-0.33206666,-0.09516329,0.2497798,0.24854471,-0.05039804,0.10343286,0.107245736,-0.2335885,0.0670146,-0.2754871,-0.32027063,-0.060123872,-0.46689475,0.3423757,-0.37366724,-0.2227749,-0.04796809,0.18496345,-0.028838303,-0.22919278,0.23696537,0.16902244,0.547226,-0.059873007,-0.36990237,-0.5480059,0.32511133,-0.026259422,0.095451795,-0.17482089,-0.29360867,0.19447953,-0.5336039,0.072399825,0.20912088,-0.04083193,-0.10817744,0.06387043,0.320029,0.6442911,0.06296974,0.48021066,-0.19706853,-0.008192083,-0.13976382,0.15575056,-0.24328892,0.032663364,0.15786183,0.38499373,0.11774231,-0.23638628,0.20743115,0.6800135,0.12642047,-0.19313839,0.31408566,-0.07654419,0.05138645,-0.09381334,0.06684359,0.09288394,0.22413218,-0.022278285,0.024548084,-0.20258933,-0.11619003,0.34148818,0.09010668,0.005016554,-0.1430323,-0.40633684,0.09677817,-0.24152936,-0.0025620565,-0.16447544,0.116320275,-0.17748994,0.04070583,-0.048010133,0.28914967,-0.19389054,-0.37711835,0.06221736,0.037926853,-0.14985427,-0.017727906,0.0033069458,0.48644754,-0.20391558,0.28372943,0.2956091,-0.08432721,-0.19147845,0.3004713,0.15541625,0.032522667,0.3930539,0.10310568,-0.41224474,0.082324706,-0.32164788,0.15053293,-0.45234546,-0.17761648,0.16756463,-0.21846557,-0.01917424,-0.24878821,0.52301884,0.2530327,-0.025556432,-0.507505,0.5197695,0.16739522,0.22215673,0.0554674,0.081370674,0.08074061,-0.008597759,0.14967735,-0.18081073,-0.39297476,0.020108005,0.06675786,0.41647774,0.16305327,-0.28880423,0.07648045,-0.3507657,-0.39792553,0.37396142,-0.21314245,0.17299356,0.18960738,0.11244384,-0.21249488,0.3168044,-0.02395819,-0.24509998,0.04668852,-0.6459615,-0.18093395,-0.33283305,-0.2739316,0.023009598,0.030713845,0.13908532,-0.12957066,0.26312977,-0.21919335,0.094526604,0.53824395,0.17202102,-0.38667092,-0.117400706,0.22916779,0.2203561,-0.3304884,-0.049510684,0.32558998,-0.6238347,-0.92796695,-0.07792407,0.12337795,0.029086255,-0.29059884,0.25219458,-0.06823708,-0.23722807,-0.11905515,-0.048162896,-0.10454148,-0.10398515,0.156708,0.2842502,-0.11790485,-0.060612883,-0.44908288,-0.19971776,0.2300667,0.1982473,-0.29542637,-0.59532034,0.058613747,-0.15552269,0.23048183,0.29992697,-0.0072706356,0.35475367,-0.29684466,0.13684043,-0.38311762,0.025912508,0.10443432,0.34117845,-0.24838862,-0.16421463,0.7903278,0.05117502,-0.8956573,0.001445113,-0.1731969,0.25078556,-0.007691488,-0.10229232,-0.2779682,0.2412183,0.3972408,0.2400489,0.3543283,0.22816657,0.24827959,0.43354353,0.10028108,0.3957295,-0.2863032,0.10617409,0.039598037,-0.115071066,0.23182262,-0.31794408,0.20756215,0.18382452,-0.33010718,0.09992968,-0.105634056,-0.19784634,0.4465656,0.33108333,-0.12227957,-0.6286145,0.044549685,-0.03235389,-0.001805333,0.23110315,-0.49085814,0.38123807,-0.07481304,-0.17343754,-0.31575286,0.1377261,0.15541199,-0.0361139,-0.1954925,-0.14985555,0.035779774,-0.1333187,-0.13381223,-0.61721617,-0.39760083,-0.25914967,0.14324208,-0.0036646558,0.09801945,0.5351055,-0.25853947,-0.8652777,0.12171226,-0.6841649,0.24650824,0.32362127,-0.030129338,-0.15609142,0.2465473,0.30381235,-0.034205943,-0.06175121,-0.114290975,-0.36810192,0.054462325,-0.221571,-0.033532247,0.453693,0.05912532,0.000582522,-0.21687841,0.21148331,-0.25105345,-0.4761885,0.13798043,-0.259517,-0.11920809,0.081970796,-0.6434378,0.12661254,0.054563843,0.033557005,-0.28419137,0.26573524,-0.14334977,-0.26519364,-0.26390865,0.295148,-0.2795668,-0.043917503,-0.17888357,-0.23479052,-0.25233904,-0.32046926,-0.30366737,0.279333,0.20322946,0.12494792,0.07870089,0.2361132,-0.27134916,-0.11995883,-0.3567317,0.051670875,-0.393247,-0.021466238,-0.34323314,-0.24256638,-0.31534764,0.19299607,0.26495436,-0.36680925,0.022698201,-0.17498563,0.23100059,0.10199042,0.3281704,0.031167174,-0.39446416,0.18562965,-0.16883571,-0.25613698,0.106776774,0.29181698,-0.2748995,0.28932947,0.18115455,0.031989004,0.011870144,-0.06850111,-0.4018433,0.15570313,-0.14016351,0.017558372,-0.11175537,0.022452867,-0.057446428,0.32984984,0.21104659,-0.11237801,0.14365123,-0.03967293,-0.44210082,0.0365418,0.23400474,-0.25877294,-0.16806313,0.16005775,-0.123390324,0.35125408,-0.03313888,-0.01465984,0.19972436,0.46322823,-0.017236197,-0.08536502,0.07809092,-0.14847566,-0.14851245,-0.3302153,0.21499893,-0.30786806,-0.20425887,0.34606245,0.09326476,0.095212474,-0.15202229,0.7028421,-0.35580814,0.14912601,-0.18804598,0.10267112,0.03889101,-0.27927515,0.720004,0.34749305,0.079598874,0.11084486,-0.25952446,0.5081656,-0.17889795,-0.08269669,-0.22988582,0.070896804,-0.05058441,0.2942562,-0.3503427,-0.035802003,-0.09940933,-0.34184086,-0.10133624,-0.41208947,0.4031335,0.24798772,-0.48678187,0.033458095,0.051278457,-0.008655609,0.11586638,-0.24757536,0.088880904,-0.22538458,0.21237862,-0.2048086,0.052097935,0.047136713,0.12009934,0.36626434,-0.4658198,-0.4754411,0.53325814,0.3338647,0.16914691,0.04642302,-0.21887073,0.48244354,0.15124294,0.19896027,0.17733252,0.003343161,0.15582721,0.2578928,0.034315042,0.19112088,-0.043824866,0.0585957,-0.069774866,-0.14093906,-0.23503245,-0.4554699,-0.011056007,0.16127661,-0.1811248,-0.1200437,-0.2844371,0.124729805,0.51868784,0.048817813,-0.06525532,-0.31999505,-0.1316246,-0.23916087,-0.7201221,0.15998378,0.15520747,-0.12626222,0.17881107,0.11353232,-0.032781966,-0.59492594,-0.024991443,0.054992616,-0.30481774,0.5022972,-0.025666358,-0.111281425,0.42282602,-0.055658672,-0.094339624,0.058121767,-0.21789356,-0.11842609,0.23587197,-0.7993949,0.055504788,-0.17667967,-0.085182145,-0.18318821,-0.38780686,-0.023140097,0.07617149,-0.22906077,0.04337655,0.4616313,-0.28641573,0.047772374,-0.23052321,0.10295568,0.15858051,-0.26950696,0.08347313,-0.49212897,-0.0134888,-0.2557071,0.31387913,0.32104906,0.102700084,0.22727759,-0.035583373,0.07995791,0.16815686,0.14009115,0.30624765,-0.014635711,-0.074097596,-0.28630194,-0.25148696,-0.18519658,0.20843412,0.24991725,0.1122835,-0.33144373,-0.29306102,-0.030122673,0.23439685,0.40797487,0.3886381,-0.3599014,-0.3610885,-0.068583466,0.2272091,-0.18108739,0.20812324,0.3012059,-0.31072265,0.18684031,0.10874101,-0.2663379,0.27688655,0.6011745,0.16573276,-0.13517049,-0.09771409,-0.14597242,0.42360243,0.1372919,-0.21311437,0.09210191,-0.2919338,-0.012773576,-0.059072647,-0.060881335,0.17694235,-0.34537566,-0.0131974295,-0.12767261,-0.28552458,-0.3269286,0.07717123,-0.051876258,0.33745012,-0.46952668,0.18819201,0.4164967,-0.3169685,0.32719836,-0.19231844,0.2762539,-0.0053235036,-0.13476256,-0.48993102,0.038835872,-0.18294743,0.041833173,0.1518079,0.1331198,-0.07656442,0.034927767,0.09184158,0.22615717,0.5271644,0.28900638,0.33084872,-0.10407046,0.027298555,0.202907,-0.16434789,0.15852186,-0.22905017,0.3668338,-0.24473818,-0.3113431,-0.30673942,0.1432357,0.3077544,-0.070753865,0.109237604,-0.13476478,0.13375163,-0.41443467,-0.024587978,-0.0392506,0.25304142,-0.14611512,0.5472366,-0.30266404,-0.31072265,0.27186584,0.07711224,-0.04649053,-0.23911367,0.3094559,-0.06519371,-0.13368845,0.053213,0.2833048,0.16439395,0.033743177,-0.10385163,0.14093113,0.04215959,0.41320685,0.06578717,-0.26007938,0.11076989,-0.052184988,0.02754391,0.014306687,0.290306,-0.18266405,-0.120283574,0.122352205,0.5078383,0.10637227,0.41908112,-0.12534899,-0.10509778,0.4454893,0.16202462,-0.17062809,-0.03508151,-0.21411629,-0.6788082,0.21845767,-0.11977891,-0.1787143,0.097914465
23,0.11955892,0.47789913,0.24657777,-0.053637262,-0.04664464,0.02993427,0.3063532,-0.06975474,-0.06400592,0.114043355,0.04157472,0.16825014,-0.17824915,0.06384942,0.10542315,-0.08599602,-0.009590052,-0.016171312,0.16466208,-0.07555974,0.17989725,-0.046539597,-0.026925785,-0.06655532,0.30590314,-0.091127686,-0.21765181,0.06193077,-0.5696523,0.08485833,-0.06577475,0.0112233255,0.12248391,0.13956897,0.1712828,-0.17989017,-0.34196216,0.3025431,-0.23089512,-0.06395881,-0.0077598696,0.19068782,-0.38540828,0.2568846,0.2466595,0.055151545,0.105470724,0.2239334,0.43829715,0.20632342,-0.25673708,0.13965717,0.10087953,0.01106682,0.0447557,0.22876318,0.40611294,0.43547684,0.19590475,0.0059516267,-0.09185487,-0.109062456,0.35107604,0.042220403,-0.20147812,0.34502754,0.10230651,0.3093225,-0.17405196,0.09922972,0.36477488,0.39629698,-0.09124281,0.2631328,0.17222185,0.2753169,0.19636305,0.48726115,0.0008782202,0.073613614,0.24753787,0.15476635,-0.42960367,0.12356389,0.22800547,-0.2835119,0.08042932,0.08906312,0.0030075149,-0.15182874,-0.00040380858,0.32254437,-0.0286882,0.5013318,0.11315363,-0.10334796,0.046254564,0.005884117,0.25007784,0.08357144,0.34319425,0.4313515,-0.7148054,0.36568704,0.0009788562,0.26411924,0.224264,-0.61272126,0.6506115,-0.342058,-0.32897702,0.25981992,0.3151309,-0.29290158,-0.22889109,-0.24879736,0.13787112,0.1443321,0.052555926,0.22919828,-0.03979729,-0.17151792,-0.036464535,-0.15659592,-0.06944344,0.5049134,-0.37086076,0.254501,0.16403562,0.09122464,0.13232274,0.15444055,-0.171321,-0.4240027,-0.3271088,0.33378002,0.04990523,0.42519337,-0.8818072,-0.41136804,-0.09256454,0.063930884,-0.022089386,0.16597942,-0.122069806,0.21365201,0.07898076,-0.08964137,-0.2940343,-0.027611336,-0.13161443,-0.14715065,-0.23022074,0.100076236,-0.23206306,-0.21595621,0.24773143,-0.21959075,0.15968351,0.393717,0.23454846,0.02671913,0.09853185,-0.32009006,0.41452253,0.5776605,-0.0006534509,-0.09674891,0.14659058,0.16223288,0.11690384,-0.06871951,-0.12128113,-0.37876895,0.3194533,-0.4522202,-0.10543589,-0.010945827,-0.01808411,-0.14422487,0.33943516,-0.09610799,0.06524117,-0.3636995,0.044479456,0.7384094,0.25669834,0.1460975,-1.016064,0.00063240965,0.08255005,0.28206182,0.17691259,-0.14421885,-0.73475945,0.16230188,0.06542687,-0.057475638,-0.2124962,-0.122859515,0.11078248,-0.17659873,-0.1720556,-0.23622914,0.3159769,-0.18338831,0.31574205,0.13054217,0.6330427,0.22123796,-0.090685256,0.10149068,-0.13538124,0.25912845,-0.22344731,0.7845646,-0.32620043,-0.49802595,0.23855478,0.01575344,-0.36679262,0.071220905,-0.3046006,-0.041516393,-0.1443395,0.3356386,-0.28588405,0.17433523,-0.2425928,0.5071499,-0.12491799,0.19171374,0.14260048,-0.016411867,-0.10280123,0.06294144,0.010460271,0.09813927,0.1489174,0.014123627,-0.28000066,-0.246932,-0.17169212,-0.31948644,0.18044242,-0.050350618,0.2377068,-0.3129516,0.28350544,0.1136889,0.14782052,-0.0389722,-0.08646298,-0.10804204,0.06146145,-0.296513,-0.29679945,0.46887723,-0.46534267,-0.39426044,-0.08092065,0.07989561,-0.04072079,0.23876591,0.020451358,0.34727657,-0.47828066,0.20048273,-0.2389516,-0.2260977,0.04868425,0.180538,0.23595223,-0.0033657483,-0.24549833,-0.049290486,0.029538939,-0.19382198,-0.5596436,-0.33784714,-0.17074536,0.115650564,0.31716466,0.026531655,0.15289769,-0.5061612,-0.22161338,0.25361136,0.13061346,0.088120505,-0.07250838,0.2791505,-0.2850015,0.13086373,0.05289145,0.29908246,0.105690636,-0.6167294,-0.15978815,0.17086446,0.03546747,0.33092257,-0.28248143,-0.262931,0.6179094,0.115942605,0.13892165,0.071894385,0.25400198,-0.036260962,-0.14979507,0.3370706,0.112463385,-0.034885213,0.14492899,0.005089887,0.26753706,0.012216537,-0.15772304,0.26278198,-0.022181353,0.009565558,0.1613772,0.025266444,0.021730686,-0.111927524,0.09499286,-0.076904565,-0.20212021,0.3595999,0.11077844,0.0025917045,0.09689382,-0.076912224,-0.095277764,0.084507935,0.17871118,0.018408816,-0.13866132,-0.09369163,0.10028876,-0.5970778,0.13787428,-0.26154575,0.17022344,-0.096381456,-0.147811,0.4713839,-0.17672816,-0.27272147,-0.045449834,0.31236115,0.2239648,0.047775783,-0.120904796,0.05019272,-0.11242847,-0.22650376,-0.20881955,0.14351699,0.25388646,-0.40808523,0.31475827,-0.22048755,-0.0756573,0.29085407,0.064609125,0.1667527,-0.059607238,0.21638346,-0.0072287554,0.010555079,-0.050098073,0.029280052,0.61685586,-0.23083775,-0.4154404,-0.70827353,-0.19763583,0.18349701,-0.047349524,0.10487539,-0.2860185,0.7307526,0.16828105,0.12299812,0.055051867,0.27662852,0.08009536,0.2261874,-0.0068524163,-0.30656353,-0.21334213,0.34960788,0.16110784,0.01010848,0.05518638,0.11130424,-0.24635011,0.13191019,-0.21645458,-0.24353816,-0.03484331,-0.43250346,0.4518141,-0.37541142,-0.11118783,-0.08142338,0.02437223,0.022366468,-0.17616145,0.27963126,0.20477907,0.5566201,-0.03353471,-0.3683736,-0.48410124,0.26458818,0.016504286,0.16038945,-0.2260502,-0.34234068,0.17132616,-0.45847046,0.058856864,0.16298057,0.040112197,-0.13148,0.09578774,0.21258676,0.6558817,0.07942844,0.48994523,-0.2096089,0.07528003,-0.06956489,0.10794124,-0.1322031,0.016680846,0.16450435,0.3970084,0.13344128,-0.25659728,0.22530031,0.56657505,0.18754542,-0.13118136,0.33456713,0.01975686,0.022604777,-0.1647073,0.07678599,0.10551,0.2639491,-0.050607145,0.088426,-0.24333514,-0.1192121,0.29418588,0.18468279,-0.034437593,-0.062456522,-0.38009876,0.11102435,-0.40452525,0.014010124,-0.077109925,0.09032605,-0.24323228,-0.013693148,-0.106167085,0.3235641,-0.16956016,-0.30235037,0.028685486,0.03220974,-0.09331214,-0.02244311,-0.0015053685,0.42870733,-0.23353289,0.33333492,0.1325595,-0.09724812,-0.29672247,0.32675952,0.15295416,0.1726411,0.3971851,0.14946623,-0.36449793,-0.05402658,-0.3154682,0.1640887,-0.50761265,-0.2275619,0.1263948,-0.2702885,0.09320239,-0.26474062,0.54989594,0.2803829,0.031178983,-0.42132384,0.55070066,0.06235368,0.24487202,0.11732919,-0.036347818,0.08754332,0.065374285,0.16162044,-0.2003203,-0.3312579,0.032537483,0.10286403,0.5039537,0.16331013,-0.24971418,0.18458346,-0.33912936,-0.38163063,0.3198617,-0.28655103,0.07935268,0.15201399,0.09404918,-0.05128731,0.3418568,-0.13384783,-0.15506932,0.18511194,-0.6863391,-0.22637121,-0.21914801,-0.25893262,-0.05982916,-0.06844862,0.17611009,-0.09969153,0.45519835,-0.11903848,0.2055438,0.4970763,0.23531054,-0.2785085,-0.15734269,0.27040622,0.23248926,-0.41127208,-0.05956017,0.1637966,-0.58318436,-0.93265396,-0.120055705,0.104721755,-0.041662212,-0.26914665,0.2135372,-0.029571492,-0.17389719,-0.1259059,-0.05520048,-0.11670905,-0.12906644,0.18655807,0.22702646,-0.04143087,-0.089369684,-0.5049243,-0.16645978,0.2830289,0.17864758,-0.2495894,-0.60706246,0.005699981,-0.21002793,0.24724084,0.38671866,-0.08109822,0.3595341,-0.28873643,0.099091165,-0.41209048,0.11803168,0.11503557,0.3923416,-0.2745278,-0.28118667,0.82995254,0.0155381905,-1.0546219,-0.050682276,-0.17668569,0.20964357,0.043922056,-0.043761715,-0.30413425,0.15822944,0.3010825,0.2369307,0.36350316,0.2294988,0.23107025,0.4549891,0.0656306,0.43057722,-0.20141637,0.05445416,0.12938638,-0.13774222,0.26160327,-0.18934931,0.22194864,0.13782513,-0.3072863,0.18310577,-0.025644926,-0.14433041,0.42596093,0.3514881,-0.1293314,-0.63211095,-0.07873754,0.049705382,0.06675755,0.19060038,-0.46925646,0.36984998,0.110982984,-0.22258939,-0.08753081,0.0454946,0.06804974,-0.049388338,-0.13619223,-0.1945437,0.071537025,-0.19377309,-0.1599216,-0.5326066,-0.46445346,-0.1745033,0.2531962,-0.12686843,0.121943206,0.5042741,-0.20408015,-0.96638435,0.054885093,-0.7001208,0.3508522,0.23338073,-0.019977843,-0.20882513,0.25713345,0.32216075,0.008805168,-0.041630007,-0.15158007,-0.24884513,0.111063585,-0.26986617,0.043424238,0.48408404,0.012603971,0.085307494,-0.27390546,0.12796403,-0.24031031,-0.39590895,0.04278377,-0.188683,-0.2565754,0.044423223,-0.6225714,0.11503159,-0.051241163,0.11818972,-0.21315035,0.21434407,-0.041862864,-0.31129473,-0.27460697,0.3124898,-0.15843521,-0.09382248,-0.16166906,-0.18380377,-0.31732994,-0.2994464,-0.23117115,0.26271197,0.1963051,0.093641214,0.08398824,0.1906349,-0.28434765,-0.1302352,-0.19773278,-0.07561418,-0.42950693,0.02738917,-0.34685344,-0.23379208,-0.32320222,0.051900677,0.31402233,-0.35274768,0.083045684,-0.068885714,0.2509955,0.0631298,0.16516125,-0.0750863,-0.40208846,0.13906558,-0.18562308,-0.28888035,0.08185759,0.44973403,-0.28139213,0.29936916,0.21681942,-0.011321281,0.03397144,-0.23630933,-0.45365512,0.12906693,-0.16785547,-0.051426277,-0.038706325,-0.022287589,-0.12747733,0.33145922,0.18989906,-0.09141847,0.18982698,-0.12465047,-0.4851437,0.26434872,0.028563168,-0.13496353,-0.22823325,0.17583548,0.029638633,0.27114543,-0.09336809,-0.05248446,0.31054404,0.39279774,-0.07738335,-0.066554636,0.08154158,-0.20670617,-0.18371929,-0.38527834,0.2732514,-0.32376903,-0.13435496,0.3277595,0.10253923,0.10737673,-0.20613424,0.623014,-0.20365196,0.110862434,-0.1754758,0.039553884,0.0916001,-0.393979,0.7051278,0.42363533,-0.08283808,-0.011331365,-0.2657769,0.56473434,-0.1474812,-0.20400366,-0.15256055,0.13371077,0.03807183,0.2141012,-0.39226317,0.021627162,-0.16742186,-0.3044022,0.034366954,-0.26189288,0.3958028,0.14211725,-0.46497756,0.07846319,0.02476494,0.07841902,0.10421729,-0.14149939,-0.008554872,-0.1336932,0.23143454,-0.27973676,0.14020193,0.064168066,0.29897332,0.39985225,-0.45400256,-0.3832316,0.48912862,0.24178122,0.20051663,0.1233155,-0.25257394,0.53070563,0.1669153,0.11790752,0.12190577,0.08351642,0.22601141,0.38793457,-0.04312209,0.24424696,-0.075205475,0.05436187,-0.13701387,-0.1471683,-0.3031905,-0.38930935,0.05612301,0.13639349,-0.2121446,-0.15639545,-0.23138158,0.21460852,0.46290073,0.052062184,-0.13023207,-0.33864388,-0.22923733,-0.2832695,-0.772036,0.16913378,0.09834588,-0.062112764,0.34601936,0.078550026,-1.6223514e-05,-0.69267786,-0.13576585,-0.061282806,-0.13533938,0.44043246,-0.1606747,-0.11869803,0.37127537,-0.048316345,-0.12433404,0.17253782,-0.20456804,-0.12262408,0.19330779,-0.8009954,0.031081183,-0.1857669,-0.035730977,-0.15733485,-0.42908823,0.06755624,0.10042211,-0.18228747,0.16514796,0.3439652,-0.23819269,-0.021380901,-0.19362096,0.19933647,0.022320235,-0.20134461,0.034499228,-0.3704474,-0.0490489,-0.30289093,0.28972712,0.37780097,0.029672896,0.22054335,-0.013393322,0.13394271,0.03801959,0.12017089,0.2722733,-0.03666102,0.0017670081,-0.3591599,-0.24078408,-0.19774154,0.19128692,0.22068752,0.02705922,-0.24549036,-0.30276912,-0.065884545,0.17246795,0.52242786,0.21531707,-0.31167966,-0.3665838,-0.019636085,0.27007145,-0.20771389,0.2185191,0.27847695,-0.23080976,0.047643542,0.11594995,-0.2305366,0.20385,0.5431864,0.13855036,-0.18821657,-0.09590926,-0.21872643,0.4386088,0.07426255,-0.25246775,0.12825336,-0.26725987,0.057141807,-0.091522045,0.010273365,0.24560224,-0.25040066,-0.02716246,-0.1263601,-0.36348793,-0.3633279,0.016041586,0.016135108,0.35974768,-0.36763814,0.21098836,0.3256571,-0.26925343,0.38139442,-0.17290074,0.30038044,0.08419797,-0.19661655,-0.5149362,-0.007453562,-0.15376538,0.06213918,-0.012631408,0.25672615,0.12840202,-0.03886132,0.0816167,0.34215978,0.57705957,0.27336434,0.38260403,-0.10772822,0.07185656,0.18290421,-0.17939161,0.20396875,-0.21175161,0.45059744,-0.34177583,-0.20518528,-0.39537,0.16627978,0.31091255,-0.12169692,0.14897093,-0.20980409,0.12323291,-0.30479458,-0.026529992,-0.049103625,0.21923228,-0.19205068,0.5726126,-0.34490955,-0.22392935,0.24938245,0.077700876,-0.04401768,-0.28005147,0.34935743,-0.12180413,-0.21266694,0.023783587,0.40118626,0.1319555,0.06827849,-0.1289211,0.15837249,0.01233984,0.40023294,0.01067359,-0.2632414,0.1042784,-0.082602315,0.111037284,0.11263782,0.20413278,-0.1099733,-0.07984885,0.17999585,0.44890133,0.18014799,0.37573645,-0.15993229,-0.051943384,0.3982678,0.0945227,-0.12658553,-0.09514958,-0.14529887,-0.6185543,0.2432804,-0.07815991,-0.2092179,0.050473798
24,0.09983993,0.42331022,0.20229474,-0.05971245,-0.054245684,-0.016618576,0.30135584,-0.09630877,-0.11482265,-0.010649184,-0.011846777,0.10285761,-0.047651377,0.051314283,0.08909386,-0.10363598,-0.07174501,-0.040373113,-0.054455467,-0.15362166,0.11870148,-0.08112572,-0.09269838,-0.0020843046,0.39268515,-0.15307999,-0.2708304,0.07619603,-0.50933677,0.19338547,-0.016370727,-0.04953369,0.11140333,0.20501529,0.09473058,-0.1961074,-0.4390562,0.4233754,-0.39046904,-0.006924187,0.013642584,0.28166273,-0.49100336,0.32045665,0.30274382,-0.18917781,0.08183419,0.282265,0.4123983,0.22628255,-0.17195274,0.030098872,0.094631895,-0.105876915,0.035169765,0.27502075,0.3558048,0.45256054,0.26104173,-0.15361965,-0.001444342,-0.1630869,0.3414181,0.006473573,-0.24112567,0.28339013,0.29255685,0.2458583,-0.19541627,0.12935062,0.35793698,0.38020357,-0.049164798,0.273532,0.20298737,0.33172196,0.25579646,0.48339885,0.0019335141,0.07135149,0.2021981,0.20986748,-0.6145664,0.13896194,0.26259223,-0.30367517,0.23016423,0.09375841,0.15409222,-0.18746623,-0.003734501,0.41047278,-0.042502273,0.38838732,0.06242901,-0.05534542,0.08931207,-0.012399164,0.21475135,0.12964408,0.36666968,0.46310663,-0.6274421,0.25323278,-0.034973834,0.19257544,0.2124419,-0.6244547,0.6159936,-0.3723212,-0.46123773,0.32298404,0.27147684,-0.30911994,-0.20179772,-0.2598289,0.07941265,0.050377414,0.12103052,0.2817756,-0.022320727,-0.1064923,-0.16256048,-0.0527776,-0.018057728,0.58490133,-0.28567004,0.2699029,0.30726838,0.22208522,0.14088337,0.088099316,-0.07989188,-0.51907855,-0.31111392,0.319389,0.1724023,0.4305273,-0.80929816,-0.4338335,0.032576416,0.04105888,0.025998885,0.100809686,-0.24622193,0.18351217,0.09325527,-0.11555059,-0.27009508,0.06798684,-0.16739735,-0.17813008,-0.19408187,-0.011341407,-0.18057457,-0.24281663,0.294525,-0.16937429,0.121106885,0.32783568,0.28281522,-0.003311827,0.12395051,-0.29502153,0.39643055,0.49047467,0.0066893175,-0.06511937,0.23029222,0.16176324,0.11278303,-0.13719243,-0.09392003,-0.53098565,0.3813093,-0.504753,-0.14472498,0.0049909004,-0.004353941,-0.10829435,0.39375073,-0.08981093,-0.08545854,-0.36892068,0.101373844,0.73007655,0.24486238,0.2668061,-0.9960922,0.078553155,0.114898965,0.3541769,0.22926138,-0.2075997,-0.7596294,0.16497302,0.12409012,0.029087882,-0.18177727,-0.2628936,0.0018061679,-0.30370316,-0.10395538,-0.21684326,0.20448992,-0.22087446,0.25467613,0.07327228,0.53841627,0.28989476,-0.0991548,0.1706304,-0.103667885,0.26729012,-0.20827153,0.86942893,-0.23604214,-0.6391376,0.30595464,0.0741105,-0.48481345,0.08891594,-0.32905957,-0.015993007,-0.15991873,0.42396778,-0.32039425,0.23481971,-0.29993457,0.3708036,-0.10775812,0.16180861,0.1041131,0.057871148,-0.095334016,0.13608426,0.05446658,0.17517304,0.18444549,0.034303684,-0.27166945,-0.37177393,-0.22779842,-0.20905502,0.17133813,-0.06353112,0.23217368,-0.33364683,0.36612883,0.042298727,0.15485302,0.016280124,-0.17536242,0.007909742,-0.029924715,-0.39986598,-0.26335073,0.4000261,-0.3101546,-0.34390485,-0.053002004,0.15852669,-0.10766781,0.06769911,-0.042115014,0.36064,-0.41461563,0.18603522,-0.19398345,-0.24966319,-0.016676659,0.25965646,0.0053195464,-0.049970515,-0.29661983,-0.07075075,-0.06554139,-0.2930582,-0.49391907,-0.30633396,-0.1302057,0.1092188,0.33321893,0.06317781,0.1711459,-0.44654366,-0.10237111,0.23970947,0.013305587,0.10005332,-0.08898264,0.27111086,-0.24412912,0.18510486,-0.020686481,0.22468448,-0.036087494,-0.68365127,-0.13249816,0.25801897,0.031513136,0.2811965,-0.3055305,-0.3438386,0.61170745,0.10554407,0.17527223,0.0680533,0.23136668,0.14310282,-0.07682086,0.35791007,0.21054918,0.024200676,0.14389211,0.06004778,0.23965733,-0.0039211866,-0.0045688464,0.24986498,-0.020488998,-0.12751393,0.18527636,-0.061209075,0.009950274,-0.03736584,0.06456707,-0.20979066,-0.24139567,0.3374652,0.017867753,-0.018553577,0.1268567,-0.23599264,-0.1357027,0.080783576,0.054104526,-0.0016678134,-0.17246753,-0.020029057,0.16874216,-0.55304,0.14830218,-0.18248194,0.21478821,-0.084959365,0.02446,0.4660713,-0.19366883,-0.31668085,-0.04537319,0.32641104,0.20302789,-0.08147669,0.0075713084,0.093439445,-0.13568816,-0.09830413,-0.24829732,0.12209444,0.2998386,-0.442937,0.22965203,-0.3673934,0.12290003,0.22103103,0.019858338,0.027041148,-0.015969265,0.1358001,-0.060148887,0.081911206,-0.03447526,-0.011112987,0.5044306,-0.28679442,-0.4649693,-0.6677899,-0.23809631,0.104712225,0.07079453,0.15049951,-0.21409494,0.69652873,0.19656956,0.17314564,0.043599058,0.34030262,0.0711063,0.15580414,0.08402354,-0.24194449,-0.1198992,0.25332332,0.27094737,-0.0019261275,0.05457996,0.1775254,-0.2313341,0.080686346,-0.22790611,-0.25757387,0.076520875,-0.3834842,0.3958129,-0.37353346,-0.18575197,-0.015993021,0.030813338,-0.12162439,-0.26017657,0.20270212,0.18247992,0.45391026,-0.02735177,-0.3821779,-0.5091727,0.28396088,-0.14312539,0.14469527,-0.14370213,-0.32795185,0.19989231,-0.44185954,0.16560462,0.24448164,-0.11563848,-0.13616449,0.060713783,0.35718006,0.6416923,0.0086897025,0.46996132,-0.20596944,0.043206815,-0.11540255,0.11073202,-0.29647335,0.12284944,0.20694144,0.40139905,0.059351217,-0.22449034,0.26259774,0.5541549,0.18567637,-0.32405064,0.3582777,0.005894762,-0.002321494,-0.117609926,0.09614017,0.031961,0.24275874,-0.06880955,0.059937544,-0.1140924,-0.0711658,0.27505812,0.15184557,0.04166632,-0.08537026,-0.4660476,0.14201982,-0.3080052,0.031688083,-0.16486442,0.13555893,-0.114005625,0.06804148,-0.05485826,0.36481598,-0.14205445,-0.34688693,0.1406885,0.039148983,-0.08555071,0.078900635,-0.00026857867,0.34542668,-0.2109758,0.26098946,0.19214715,-0.14630984,-0.26502624,0.32151666,0.09646587,0.059063125,0.41369995,0.1600863,-0.3672476,0.064017266,-0.3143938,0.16976146,-0.32700142,-0.28691792,0.21581188,-0.18264663,0.09394281,-0.2868396,0.5526261,0.20808053,0.004145912,-0.490308,0.50236934,0.062695555,0.20584594,0.09994103,0.066619925,0.05690615,0.00545497,0.16215827,-0.020834332,-0.34101433,-0.08601612,0.14638574,0.4450698,0.19627409,-0.27538428,0.20238686,-0.39843103,-0.41394985,0.3709479,-0.14428775,0.20332138,0.18898913,0.13535123,-0.13950302,0.32676217,0.022417272,-0.20038077,-0.023413405,-0.67721295,-0.21517703,-0.20909114,-0.2846036,-0.00767601,0.104152,0.046638675,-0.13482808,0.3994236,-0.14927176,0.1679555,0.5730938,0.12558784,-0.40226063,-0.15125793,0.24205506,0.2079803,-0.29439577,0.008316338,0.24499153,-0.57667255,-0.85693336,-0.121467456,0.27245846,0.038033888,-0.20316036,0.23002356,-0.11081841,-0.19921333,-0.031816356,-0.010569196,-0.047307257,-0.030629769,0.096279144,0.25502393,-0.0781307,-0.16922742,-0.48225608,-0.26577494,0.27827996,0.1777191,-0.23252758,-0.7170852,-0.0151992235,-0.20148401,0.28561297,0.39774436,0.017606514,0.49370852,-0.28564537,0.09830323,-0.5151736,0.0040000323,0.19830789,0.34392324,-0.29111204,-0.22742333,0.74106485,0.058891132,-0.97093487,0.077481,-0.11247051,0.23676273,-0.053206958,-0.049152937,-0.30641764,0.18503392,0.3479529,0.16952737,0.31645614,0.20110828,0.22701983,0.3799447,0.15531278,0.47458336,-0.18520877,0.020730963,0.11307177,-0.14607392,0.2012603,-0.26932842,0.21368572,0.18614338,-0.25562996,0.13652784,-0.04624925,-0.23356795,0.49253663,0.34349203,-0.09958457,-0.61465675,-0.034805708,-0.05627116,-0.060513325,0.1474207,-0.4586662,0.34753406,-0.09538811,-0.16124924,-0.23773171,0.0670718,0.11343743,0.026571121,-0.1524111,-0.16746736,-0.022691093,-0.07855384,-0.124547124,-0.54570484,-0.34947088,-0.19454347,0.19695169,0.02402209,0.11669919,0.49091148,-0.35567263,-0.8666315,-0.007393408,-0.6600281,0.13965558,0.302592,0.039008684,-0.22065486,0.2395999,0.32133672,-0.050479554,0.06073858,-0.21090089,-0.3271793,0.022733688,-0.16782211,-0.012069215,0.44620693,0.03376428,0.01135375,-0.18293633,0.16176933,-0.2735071,-0.51495206,0.15560125,-0.22839685,-0.24642587,0.07884635,-0.60946083,0.17644405,-0.004927282,0.11953997,-0.11091648,0.1906755,-0.17938204,-0.30944344,-0.3140914,0.26621613,-0.1705339,-0.07877792,-0.23964225,-0.17387278,-0.2588639,-0.2969499,-0.25982141,0.28703567,0.1392393,0.16126803,0.009991019,0.25467095,-0.27302602,-0.18769857,-0.3002067,-0.009616107,-0.42064655,0.023108674,-0.32547128,-0.2851969,-0.3236301,0.13479646,0.3107067,-0.3269421,0.06955616,-0.23366266,0.2649423,0.08401535,0.25050074,-0.048745,-0.3935785,0.11575472,-0.19725901,-0.32010427,0.12260152,0.4274005,-0.19557828,0.35104272,0.18258348,-0.022596506,0.08565,-0.12935345,-0.43383712,0.06999232,-0.19989184,0.122821406,-0.08854794,-0.035913233,-0.040282644,0.28725684,0.24100785,-0.04963464,0.07206053,-0.06245305,-0.37188578,0.2331529,0.25401655,-0.21979636,-0.17687479,0.1830279,-0.06970648,0.40184423,-0.054423,-0.08255,0.20645186,0.4683519,0.06523523,-0.09734097,0.13879286,-0.1807435,-0.20569398,-0.4053035,0.27002668,-0.36251777,-0.059692986,0.28094566,0.013394665,0.09066048,-0.15651888,0.63037825,-0.28109598,0.16525774,-0.16380604,0.008405633,0.0790098,-0.336584,0.61719406,0.3791367,0.2201477,0.04965573,-0.26370093,0.34912333,-0.13433643,-0.14904152,-0.21989474,0.0689529,-0.08270541,0.2128539,-0.38672933,0.07634572,-0.0871348,-0.46656853,-0.061150365,-0.34652945,0.42813405,0.21646482,-0.46866846,0.13196346,0.08438764,-0.003338385,0.095322385,-0.21119422,0.17230506,-0.22585668,0.21321331,-0.14705864,0.074085765,0.054567534,0.25385034,0.4948045,-0.37615067,-0.48724502,0.46080077,0.23489597,0.23047704,0.21849611,-0.32881516,0.5058415,0.21409903,0.14653143,0.11325052,0.032047957,0.12800527,0.30153242,0.013480443,0.18961965,-0.050823297,0.12054281,-0.14968173,-0.16657466,-0.30494773,-0.44989336,0.05740432,0.2281467,-0.19783907,-0.08834144,-0.20971814,0.0643456,0.55067545,0.019779304,-0.052913945,-0.3546291,-0.09641899,-0.23559763,-0.7397778,0.14108478,0.2595256,-0.05840971,0.22890119,0.15644936,0.03953715,-0.6709412,-0.09978239,0.077962965,-0.11034949,0.4666925,-0.04293229,-0.04203443,0.32490218,-0.081359275,-0.14110336,0.12754554,-0.097419575,-0.14772958,0.24665579,-0.7629036,-0.05974867,-0.2041963,-0.12049978,-0.21670334,-0.30859938,0.052150562,0.0061194175,-0.26927027,0.106251545,0.42377383,-0.24180919,-0.021901924,-0.19958878,0.111559704,0.020025317,-0.20715852,0.060560398,-0.42282036,-0.010992121,-0.26352346,0.2380182,0.26519403,0.09529139,0.24027792,-0.092430934,0.13329875,0.13728455,0.13005641,0.2506903,-0.012711833,-0.030858856,-0.33891788,-0.2900052,-0.21789743,0.153581,0.28153637,0.12734072,-0.29472527,-0.30676597,-0.114180565,0.18751928,0.35948196,0.2858224,-0.3616636,-0.3599346,-0.03692257,0.27871367,-0.15387128,0.17787826,0.25200433,-0.29038146,0.17933077,0.20188886,-0.29099405,0.27001625,0.5990807,0.12944765,-0.16017073,-0.110245675,-0.1541543,0.47537178,0.13702598,-0.25691026,0.0014614897,-0.20665179,-0.07362319,-0.07871306,-0.051364634,0.1500217,-0.29899472,-0.0271894,-0.12430848,-0.30841067,-0.32901844,0.20843586,0.054002065,0.29368958,-0.42271248,0.16526347,0.38874623,-0.27095875,0.27560613,-0.24363746,0.2333893,0.0633485,-0.14328474,-0.53632003,-0.08804852,-0.20267393,-0.049697068,0.1570739,0.13969585,-0.13159902,-0.011207266,0.11799091,0.3184475,0.45740104,0.27362216,0.42086256,-0.023949193,0.059024446,0.2639477,-0.11627648,0.16151254,-0.22131471,0.36520606,-0.22109196,-0.24422854,-0.25902438,0.1076781,0.373578,-0.08555679,0.11740851,-0.24150437,0.05117101,-0.45442444,-0.024419777,0.023910927,0.17351572,-0.15467869,0.6576885,-0.37320158,-0.30483785,0.35541105,0.020680288,-0.06311453,-0.24297036,0.42843515,-0.11471704,-0.11921046,0.13842852,0.30271927,0.12280144,0.00084815634,-0.08364384,0.10974398,0.10584967,0.4647395,0.039757308,-0.25338826,0.073636584,0.0026416045,0.08691035,0.13340971,0.26411387,-0.119841434,-0.1558387,0.05274393,0.52593386,0.06993984,0.35482246,-0.183029,-0.12428174,0.41724172,0.0071356753,-0.15109617,-0.124089435,-0.20616752,-0.6835315,0.1393265,-0.104587674,-0.1733412,0.12259208
25,0.15316223,0.41010216,0.20334353,-0.098617606,-0.04671538,0.046542086,0.34640804,-0.055841796,-0.028758248,-0.037788805,-0.10449552,0.13156213,-0.072487175,0.07001142,0.12644447,-0.13047962,-0.041065965,-0.045860637,0.03164885,-0.0578567,0.17033905,0.004756384,-0.071586825,-0.044755623,0.27211893,-0.1545063,-0.29905066,0.10050015,-0.47482523,0.17995486,-0.08933501,-0.035982896,0.13985528,0.08991,0.11112601,-0.20928563,-0.35753492,0.413339,-0.32249188,-0.028880334,-0.06458509,0.2564955,-0.44602752,0.3510876,0.22977267,-0.1405321,0.051898215,0.17349958,0.37904152,0.19881351,-0.21455348,0.074102454,0.17989346,-0.05248189,0.052837767,0.25183204,0.31967068,0.45508993,0.28755298,-0.07090938,-0.046067074,-0.058944974,0.36209854,0.10978166,-0.1660951,0.31528077,0.1675772,0.2393639,-0.19610593,0.12744546,0.378643,0.40579206,-0.07922888,0.23810792,0.099532604,0.2895814,0.23075294,0.42301944,0.090289734,0.031745467,0.13622127,0.14786206,-0.4567307,0.16756451,0.24379532,-0.2181615,0.09871375,0.13260482,0.08252923,-0.17561218,0.008412293,0.29670057,-0.07694263,0.4282729,0.05819509,-0.0071616336,0.10418997,-0.06243934,0.23705395,0.08682593,0.307819,0.46667734,-0.6364515,0.2770787,-0.026663221,0.18436088,0.290972,-0.55412704,0.56020314,-0.36169884,-0.44800484,0.30527836,0.34833574,-0.3213021,-0.17863487,-0.25921056,0.15698057,0.06669873,0.04512415,0.22492129,0.00397603,-0.08394725,-0.13642894,-0.10399878,0.0037594093,0.52717125,-0.3482861,0.28970927,0.17747325,0.1406643,0.10278847,0.15582313,-0.11785608,-0.47643307,-0.28882807,0.3020468,0.12009316,0.35357678,-0.758209,-0.4280758,-0.015206163,0.0926214,0.017179893,0.0916258,-0.19024126,0.13791674,0.118867636,-0.081818,-0.22799055,-0.02318698,-0.19981454,-0.190986,-0.17410946,0.06968516,-0.1986173,-0.32815883,0.19763835,-0.183312,0.13157946,0.41041288,0.29302913,0.029705375,0.16757382,-0.25912496,0.3753297,0.48197073,0.0056705847,-0.04338706,0.186965,0.12968832,0.16844206,-0.1547449,-0.03194352,-0.44385937,0.34298357,-0.45883077,-0.12607291,0.030989498,0.024378525,-0.17093953,0.3860205,-0.09442522,-0.064878196,-0.42134157,0.05388407,0.7352491,0.26251504,0.25888398,-1.0185169,0.060398333,0.0483924,0.33468014,0.19768748,-0.16235031,-0.5920517,0.21602933,0.13914268,-0.007848662,-0.18793437,-0.15910968,0.044992775,-0.15606268,-0.15206814,-0.2348578,0.21043645,-0.20392047,0.18467273,0.13136788,0.60511255,0.2536064,-0.069804214,0.12385814,-0.1447201,0.25010005,-0.1751328,0.79551965,-0.21627618,-0.5930147,0.29006505,-0.008044057,-0.35999554,0.045308203,-0.31089413,-0.032327253,-0.14635383,0.40189534,-0.25545743,0.19804159,-0.25427,0.44701388,-0.12681961,0.15925638,0.12359252,0.062800355,-0.052020736,0.1353987,0.1419184,0.1545139,0.111037225,0.025600223,-0.19841398,-0.38581276,-0.16544326,-0.295263,0.20644629,1.8811194e-05,0.26028308,-0.36624825,0.27902764,0.07957586,0.22268601,-0.002149867,-0.07686415,0.05737138,-0.039314825,-0.28204015,-0.30425894,0.4609459,-0.3359831,-0.36099818,-0.069236055,0.12035487,-0.09825765,0.21500461,-0.036879834,0.3523086,-0.43128163,0.19325833,-0.2783436,-0.20784788,-0.00088502566,0.25348592,0.07548933,-0.0007095388,-0.2989394,-0.024196137,-0.0521667,-0.27766162,-0.53364736,-0.26160115,-0.13524334,0.08752958,0.35625836,0.12126176,0.16431588,-0.4089453,-0.12327132,0.30398285,0.118368514,0.10566078,-0.04514527,0.26726803,-0.34701055,0.09056406,-0.054024935,0.2910075,-0.026766198,-0.5746297,-0.16712572,0.23322663,0.1233203,0.3333601,-0.32119772,-0.29513675,0.5910396,0.11613981,0.08695719,0.10452601,0.3036554,0.07705427,-0.039559707,0.30095544,0.25159568,-0.024022281,0.18404424,-0.04175554,0.30699834,0.0002167902,-0.049123675,0.21398649,-0.023140619,-0.12578245,0.23174132,-0.05696083,0.010363585,-0.066184424,0.07108066,-0.12836477,-0.22512597,0.39439768,0.13889793,0.04452586,0.14138335,-0.15524726,-0.19008349,0.14808235,0.11877841,0.0012106965,-0.14873867,-0.05586279,0.12957889,-0.5910465,0.09091329,-0.22909126,0.17756288,-0.049339663,0.023580642,0.42333105,-0.17035033,-0.26819643,-0.017091772,0.3199526,0.24355684,-0.035346057,-0.075376794,0.019313116,-0.10085545,-0.23289865,-0.18594906,0.04553399,0.28318512,-0.4413432,0.21537463,-0.33635783,-0.036734063,0.22070959,0.014046783,0.09783199,-0.039158475,0.15048733,-0.107500486,-0.0010043122,-0.032399826,-0.050974138,0.58730835,-0.2613677,-0.4206101,-0.6412414,-0.15559193,0.17752177,0.031168051,0.1142164,-0.30328962,0.78396136,0.2117894,0.19493659,0.08461834,0.40147218,0.111686446,0.20085128,-0.002609076,-0.2462322,-0.12282939,0.28076562,0.2501536,0.014152669,0.06065031,0.15892084,-0.22038725,0.07142109,-0.21970403,-0.24729744,0.03586775,-0.42648655,0.39409554,-0.3383195,-0.1941595,-0.053780757,0.12591416,-0.03406056,-0.23079748,0.2020568,0.21501027,0.53117734,-0.056430195,-0.3995786,-0.51545775,0.2676986,-0.01867158,0.14228317,-0.19680487,-0.30273828,0.18556994,-0.44975218,0.13049069,0.20033875,-0.012572298,-0.14949587,0.010157272,0.34886968,0.6266048,0.046198767,0.42723027,-0.21427849,-0.0029773475,-0.055506416,0.053299077,-0.24801742,0.071470626,0.2361388,0.40161774,0.13488126,-0.18840767,0.1416964,0.5969419,0.10320321,-0.22739127,0.31767845,-0.029145943,0.03347636,-0.061133474,0.10403619,0.16106601,0.24095292,-0.05123786,0.04107852,-0.13346124,-0.11608357,0.36380213,0.14281657,-0.0066541177,-0.12175464,-0.4036647,0.14042154,-0.31066787,0.061474342,-0.16826038,0.14535934,-0.12724033,0.046166558,-0.086919844,0.27974728,-0.16885495,-0.32925248,0.05980415,-0.010482797,-0.09200069,-0.0035747606,0.035047833,0.417617,-0.2491574,0.28196764,0.19390689,-0.105553985,-0.2859612,0.28253403,0.13694133,0.13635874,0.38481382,0.135927,-0.3753629,0.081751935,-0.33327505,0.16139789,-0.42511088,-0.2596252,0.23657781,-0.22121587,0.07133843,-0.2812502,0.4952255,0.24295723,0.009573082,-0.4227253,0.5108859,0.059826314,0.1713058,0.03929718,0.047647323,0.0626141,0.034593023,0.16611566,-0.12556742,-0.41230386,0.04809535,0.08852565,0.40626723,0.15466855,-0.3156617,0.1727669,-0.23717017,-0.40995985,0.42131287,-0.17330903,0.15537666,0.1369412,0.094934784,-0.07913908,0.30059195,-0.0019889213,-0.17568581,0.022979638,-0.7166231,-0.19695882,-0.24291027,-0.23609222,0.049818683,-0.003187844,0.042211037,-0.16398266,0.30753106,-0.17223945,0.122610785,0.55012524,0.096169844,-0.3297974,-0.15758295,0.21147409,0.15470682,-0.34887147,0.012703841,0.26636693,-0.5198855,-0.8634806,-0.14279658,0.1705372,0.028836878,-0.26130432,0.20321433,-0.063292824,-0.2329743,-0.09502537,-0.011805682,-0.07990795,-0.10441205,0.16188508,0.25298584,-0.08458394,-0.12914868,-0.43868276,-0.20585293,0.12848914,0.12012219,-0.24473797,-0.6476672,-0.015199397,-0.18635309,0.1927616,0.3556931,-0.029619694,0.37951627,-0.30327496,0.11659751,-0.42165363,0.061583366,0.14611496,0.3224281,-0.26221466,-0.17241152,0.74791586,0.08081312,-1.0317191,0.043467138,-0.09795115,0.25736904,-0.010984037,-0.06486368,-0.31612933,0.17668486,0.32626417,0.16830185,0.36474964,0.23805314,0.25473794,0.40030724,0.098072715,0.43627712,-0.20581919,-0.042486046,0.18459658,-0.13398637,0.25164655,-0.21776158,0.15860231,0.19627166,-0.29304373,0.1510322,0.00022066169,-0.24984585,0.45567805,0.3967467,-0.115508206,-0.6090287,0.041320447,-0.03561044,0.005266556,0.18753566,-0.44684172,0.33695278,-0.036949538,-0.13449086,-0.21954843,0.12530705,0.099378705,-0.05815169,-0.1591875,-0.18658231,0.11520709,-0.1027202,-0.10019806,-0.5643855,-0.37907782,-0.17634273,0.19625552,-0.030251332,0.06824546,0.5136563,-0.30500668,-0.82249737,0.044248514,-0.6912593,0.21036586,0.29122862,-0.012795386,-0.20280498,0.22894764,0.2962335,-0.050813004,0.010272477,-0.11633837,-0.2680635,0.047370087,-0.17936696,-0.034605958,0.46168754,0.048525628,0.039593067,-0.24523628,0.19468395,-0.22604817,-0.44781828,0.08941309,-0.19404176,-0.15549885,0.057994146,-0.5949259,0.14533468,-0.07861589,0.09983029,-0.21945408,0.23012085,-0.11776403,-0.31718662,-0.30584455,0.24109048,-0.19404998,-0.074437805,-0.19850597,-0.17462233,-0.21771422,-0.31323534,-0.22709475,0.28748685,0.18164235,0.1144358,0.02637132,0.24134545,-0.27386883,-0.1687301,-0.30679435,0.0070908787,-0.34790617,0.056622647,-0.34830704,-0.23205423,-0.34986836,0.13961057,0.24292448,-0.31413785,0.087190844,-0.18174775,0.18770944,0.05862342,0.2408719,-0.03821627,-0.37678626,0.076285206,-0.15382122,-0.23561391,0.13941233,0.3533229,-0.2373895,0.35987478,0.17413695,-0.0013733134,-0.010016429,-0.1408628,-0.3978474,0.1527757,-0.17316972,0.013632905,-0.093686715,0.05535398,-0.056567237,0.32948396,0.15877944,-0.06325333,0.11611441,-0.073059276,-0.4363853,0.11501163,0.14154641,-0.17952485,-0.22606473,0.15210107,-0.06302114,0.31798562,-0.08556681,-0.10501033,0.22507043,0.40007505,-0.02070351,-0.10082134,0.0667083,-0.21092309,-0.15322992,-0.41734916,0.25245827,-0.34527424,-0.07898504,0.31888318,0.090586714,0.117797725,-0.15934694,0.6543847,-0.18840395,0.13088067,-0.1711194,0.07543084,0.02640938,-0.32150277,0.63316935,0.38696057,0.04533479,0.030458162,-0.24321824,0.44931054,-0.1583548,-0.17536001,-0.16212668,0.10147747,-0.057188045,0.116657466,-0.3799585,-0.0071588997,-0.08325688,-0.34095022,-0.06252688,-0.35615295,0.3933059,0.1954923,-0.49701357,0.090824395,0.061447054,0.093262196,0.088460386,-0.18888618,0.063129015,-0.2008134,0.23911926,-0.17178774,0.10081438,0.02718128,0.20134027,0.384139,-0.41711506,-0.43267155,0.4799999,0.32135186,0.1948638,0.08048151,-0.2865165,0.4520113,0.16732566,0.16055147,0.07206615,0.05274679,0.17068492,0.29055092,0.02318396,0.22346748,-0.08713182,0.06252909,-0.12847327,-0.15404324,-0.23870218,-0.4508332,0.058421273,0.2330569,-0.2368267,-0.10997947,-0.29021764,0.011501765,0.4573725,0.06083318,-0.030533586,-0.23168579,-0.098751016,-0.24433966,-0.7596395,0.18135104,0.18790571,-0.14872995,0.22846086,0.08969743,0.009984173,-0.67740345,-0.031643923,0.052318998,-0.23255698,0.47188073,-0.12638761,-0.103560865,0.37878364,0.005725167,-0.10978727,0.12231952,-0.16733153,-0.14583601,0.20175178,-0.8143199,0.009916663,-0.19928661,-0.0761072,-0.22378884,-0.42644185,0.08171532,0.06804259,-0.2971698,0.08703918,0.43751368,-0.28554034,0.012353702,-0.21613725,0.04359132,0.059127655,-0.1980824,0.046522684,-0.40329295,-0.02743955,-0.28443283,0.32303557,0.26177135,0.010897647,0.20772839,-0.050578933,0.122119084,0.09277017,0.10025278,0.29574412,0.031935036,-0.0229677,-0.3547085,-0.26190424,-0.15020709,0.19988331,0.25761697,0.05324515,-0.3159653,-0.27099547,-0.07387838,0.17566365,0.44239038,0.32681397,-0.2644978,-0.33551288,-0.05683253,0.252642,-0.21623938,0.17376585,0.2818133,-0.31343177,0.1415522,0.13624167,-0.21156025,0.24719213,0.54573226,0.065170206,-0.124179326,-0.05606768,-0.18022797,0.45168528,0.08633114,-0.20054933,0.10508927,-0.2595516,-0.02059385,-0.09928328,-0.07586607,0.14292593,-0.22262086,-0.030877791,-0.05115852,-0.3639217,-0.3481808,0.16191287,0.008148253,0.2570219,-0.3921061,0.16689229,0.3172915,-0.29080045,0.34966674,-0.23191997,0.23867962,-0.023709463,-0.1596391,-0.4861141,-0.07272082,-0.16620946,-0.014605731,0.060709663,0.14382727,-0.10196047,0.029484728,0.09420939,0.2755208,0.5223539,0.26926586,0.4051022,-0.11410148,0.052357834,0.20305848,-0.2103224,0.15884499,-0.22219723,0.30256882,-0.27835748,-0.24020116,-0.28428262,0.105934896,0.32151422,-0.16034049,0.13285226,-0.18333639,0.106306665,-0.38089055,-0.036058698,-0.015673451,0.18718624,-0.14967929,0.5701784,-0.35569507,-0.30640087,0.33934742,0.03832131,-0.051440105,-0.25348744,0.3311783,-0.06609929,-0.13845171,0.048425782,0.31270713,0.04928872,0.07330964,-0.09772918,0.09296896,0.022664754,0.4010353,0.034386106,-0.24679953,0.10193908,-0.033192877,0.09259833,0.017993951,0.24884693,-0.1476472,-0.098164454,0.12836067,0.5234652,0.028060095,0.34501457,-0.14157835,-0.11631261,0.46321428,0.16240852,-0.17629981,-0.09098265,-0.18964696,-0.61013263,0.17904772,-0.12549339,-0.17438546,0.10175796
26,0.11384631,0.4273618,0.27643082,-0.072652735,-0.087294,0.022245415,0.36818305,-0.012450756,-0.034894135,-0.07182019,-0.056905963,0.14035277,-0.12107153,0.1537428,0.075444534,-0.109015994,-0.11675973,-0.03485384,0.05629066,-0.1501422,0.15724328,-0.08571431,-0.053204767,-0.06958468,0.3779322,-0.21261592,-0.30431172,0.048402097,-0.5016936,0.20654054,0.009075361,-0.027754351,0.1324072,0.17397481,0.14761914,-0.1726161,-0.39516264,0.3911222,-0.36030263,0.032644946,0.054209594,0.24247095,-0.47277287,0.28079087,0.3204156,-0.08687416,0.09864885,0.20372239,0.45092204,0.21171108,-0.2240617,0.057961814,0.14491893,-0.14253254,-0.005727882,0.279144,0.35709682,0.50618434,0.31116283,-0.12764263,-0.01631517,-0.12352444,0.3456231,0.031768393,-0.2562319,0.31353042,0.18149728,0.28560543,-0.24610847,0.13049875,0.37852547,0.36692616,-0.052246753,0.2376834,0.21902077,0.3195738,0.22601694,0.50619686,0.066969305,0.023744924,0.27126533,0.17252436,-0.5043379,0.17556815,0.28117606,-0.35169685,0.04786133,0.12418022,0.113267586,-0.18513577,0.034182422,0.4104552,-0.01710216,0.41777664,0.07839383,-0.05672949,0.06764011,-0.016051698,0.22904663,0.07604994,0.30104747,0.48429647,-0.70603245,0.33703345,-0.03203326,0.20253968,0.24069971,-0.5790317,0.59237164,-0.37010607,-0.37913734,0.3359096,0.32684648,-0.30482894,-0.15130807,-0.28103444,0.16371024,0.027054382,0.0002728383,0.2797763,-0.0076019163,-0.10781597,-0.11931417,-0.13792475,0.027208533,0.56249344,-0.37249988,0.31919572,0.19177964,0.22199324,0.15546802,0.16241768,-0.15923882,-0.49888423,-0.28251687,0.26240554,0.11977278,0.40193292,-0.8212081,-0.4201343,0.012601187,0.06519351,0.036720607,0.15602955,-0.18147068,0.19857268,0.13989365,-0.12985176,-0.22787383,-0.023790358,-0.20119794,-0.24135995,-0.17234081,0.067478076,-0.19727486,-0.29225647,0.23636338,-0.1761711,0.062294874,0.43884563,0.291975,0.019146025,0.17568508,-0.22451916,0.3746302,0.51771873,-0.033136703,-0.054087427,0.26082817,0.15719455,0.27226993,-0.124559484,-0.15394354,-0.38438332,0.3778898,-0.45906666,-0.08753267,-0.033556808,0.010778319,-0.21121614,0.39347374,-0.106189795,-0.09892625,-0.50288224,0.12418434,0.7918104,0.3284745,0.25240052,-1.0398923,0.05610265,0.040459804,0.36336133,0.16359901,-0.13039209,-0.73596716,0.18718603,0.14202738,0.018541433,-0.16165316,-0.22977129,0.09239989,-0.18869543,-0.17366527,-0.2463373,0.23683396,-0.22112657,0.2572355,0.1052743,0.574814,0.28152272,-0.079865225,0.09558592,-0.1437298,0.23921092,-0.18577328,0.87258536,-0.13782442,-0.6543706,0.347643,0.02780192,-0.35566074,0.0332629,-0.29903352,0.038351092,-0.14456733,0.40585372,-0.332283,0.20717122,-0.29029238,0.48990494,-0.13348368,0.1839051,0.08403078,0.03466689,-0.09363666,0.110292606,0.04699756,0.100906886,0.14377968,0.085181795,-0.27277574,-0.387987,-0.18290178,-0.2987242,0.22565354,0.0023570117,0.25513247,-0.3874423,0.3739355,0.06590844,0.14798059,0.05373614,-0.0692789,0.024425274,0.026735812,-0.36236593,-0.3543879,0.4574112,-0.38645673,-0.3323649,-0.045367535,0.11805278,-0.12192967,0.22342218,-0.06839448,0.41971752,-0.41887906,0.18561275,-0.27557105,-0.21855691,0.029332655,0.24350974,0.07769428,-0.029529419,-0.35772628,-0.04741084,-0.026935352,-0.25289866,-0.49651283,-0.28462306,-0.09560615,0.13719092,0.38976356,0.054278474,0.17098327,-0.45638666,-0.12303381,0.23666698,0.033698555,0.0817815,-0.06975026,0.26024398,-0.23991083,0.087330066,0.0027646944,0.2790019,-0.00030554712,-0.60175735,-0.111769855,0.27471048,0.057466958,0.26077145,-0.38617402,-0.28659227,0.6458549,0.11147729,0.11579962,0.15702353,0.27633366,0.09172419,-0.061860025,0.33246148,0.29432416,-0.027639098,0.17148556,0.026319174,0.24298003,0.041983515,-0.058271226,0.24982567,0.0440097,-0.18905216,0.23511991,-0.15366189,0.056381874,-0.051763896,0.03790106,-0.09600882,-0.21953629,0.42460182,0.11965197,0.019075861,0.18922268,-0.13621809,-0.21544643,0.08175226,0.1529881,-0.06541084,-0.17330925,-0.07070758,0.13753688,-0.61329925,0.13257544,-0.28408122,0.19342475,-0.11476127,0.055996995,0.39343947,-0.16606048,-0.29469088,-0.060019493,0.3448912,0.25190994,0.061180636,-0.015468016,0.02568144,-0.14884761,-0.16743843,-0.15710312,0.07559226,0.26562598,-0.4462183,0.21946515,-0.2837745,-0.012822154,0.23276663,-0.029405396,0.0045576524,-0.04240338,0.23847449,-0.08025269,-0.018589456,-0.008729418,0.03736923,0.6356826,-0.29305288,-0.50075096,-0.65840304,-0.2415594,0.17739439,-0.00651376,0.19174878,-0.27181616,0.7792605,0.16689847,0.16819254,-0.05193209,0.38589746,0.04692464,0.195031,0.010644367,-0.31156206,-0.09246253,0.28963834,0.29388914,-0.009334729,0.13557352,0.16793345,-0.2226369,0.075390734,-0.22909541,-0.2558778,0.105301276,-0.4544123,0.40793195,-0.3486973,-0.12848242,-0.105736956,0.16842905,-0.12400884,-0.29286128,0.21436039,0.21521325,0.5423862,-0.060160454,-0.3566658,-0.50718266,0.30748555,-0.011057836,0.085850544,-0.23701309,-0.25879395,0.15925519,-0.45690787,0.15170379,0.2071785,-0.06614774,-0.13475487,0.028557833,0.3032461,0.6576187,0.06754888,0.48569775,-0.19161023,-0.030625368,-0.18173182,0.098830484,-0.19046251,0.02512895,0.2596492,0.44409367,0.047934305,-0.23630263,0.3150881,0.59436196,0.14921014,-0.21477082,0.27215892,-0.017339041,0.019870203,-0.100735106,0.060135514,0.086548604,0.22695746,-0.021311544,0.052934326,-0.098967835,-0.11346739,0.3392917,0.11226249,0.047857504,-0.14426827,-0.3774215,0.13729666,-0.339887,0.051378336,-0.14718743,0.13694061,-0.10679979,0.0042774295,-0.013883606,0.30676845,-0.1716848,-0.39576215,0.0945041,0.009543993,-0.12860572,0.00074947235,-0.060202125,0.47612542,-0.23654613,0.32179043,0.25151944,-0.08983053,-0.32887045,0.41253555,0.19225009,0.070056595,0.39884773,0.12708806,-0.40943998,0.0479896,-0.32256094,0.2567168,-0.38045272,-0.24460492,0.20071277,-0.22553416,0.000775185,-0.2957282,0.55471396,0.23849572,0.007742755,-0.49063513,0.5388056,0.12722582,0.23396577,0.025248345,0.027240284,0.09619407,0.04266425,0.14340203,-0.13052337,-0.39963683,-0.01124075,0.108934954,0.44415364,0.15275413,-0.32618308,0.23267584,-0.3789597,-0.391123,0.3698417,-0.22734089,0.16390173,0.2009612,0.102155685,-0.118854225,0.35894927,-0.025984721,-0.23423888,0.029713117,-0.68175876,-0.2211169,-0.27709693,-0.29256767,-0.032790825,0.013198867,0.10111009,-0.14210983,0.3623894,-0.20765688,0.14494246,0.5838116,0.119083315,-0.27668408,-0.13817112,0.1858732,0.29693556,-0.39665616,-0.06676215,0.26571572,-0.60660106,-0.89594704,-0.12716512,0.12190775,0.0014066217,-0.27119008,0.24331695,-0.020235045,-0.22575799,-0.11271965,-0.115295894,-0.11299018,0.0046168156,0.16960351,0.26074174,-0.10581185,-0.15388802,-0.4290439,-0.23911487,0.14527316,0.15642695,-0.1891777,-0.64715767,0.04701373,-0.15192695,0.22502299,0.38598508,-0.01696528,0.41386956,-0.2967856,0.13342342,-0.46147144,0.020349117,0.1431104,0.35805592,-0.38906845,-0.24947889,0.8482555,0.048171792,-1.0243421,0.04473904,-0.13528909,0.23919615,0.031505134,-0.031142546,-0.29473367,0.2542839,0.3697669,0.17065659,0.36442703,0.1792117,0.32663798,0.4635797,0.1539823,0.46074194,-0.3520487,0.017196672,0.11208156,-0.09144084,0.21392454,-0.28359273,0.19321877,0.22080098,-0.26225075,0.13665795,-0.06140732,-0.17564812,0.45710352,0.3712313,-0.11882917,-0.6459798,-0.04328812,0.07248476,-0.020964524,0.17695206,-0.49141738,0.338911,-0.040435202,-0.18228687,-0.19411542,0.11860867,0.14571677,-0.0077782273,-0.21706979,-0.21281755,0.07198905,-0.1445238,-0.14296973,-0.58777493,-0.39412785,-0.15191513,0.23697783,-0.03678104,0.11953019,0.53244805,-0.34865832,-0.9213527,0.11390452,-0.7179235,0.23310232,0.30481192,0.022341112,-0.12917794,0.17843068,0.33821014,-0.022778094,-0.04859994,-0.1465998,-0.32247183,0.03082774,-0.2731117,0.0017747094,0.45885876,0.015944965,0.0014567936,-0.251278,0.18614417,-0.26797703,-0.4210258,0.12074052,-0.23025493,-0.17536223,0.11136476,-0.5734241,0.11746352,-0.0005401919,0.107616514,-0.24589624,0.260304,-0.14611803,-0.31283495,-0.30653754,0.33554798,-0.21496888,-0.1366291,-0.16387014,-0.21088426,-0.29083034,-0.30782616,-0.28508964,0.28019163,0.17295705,0.080422565,0.07774243,0.17055379,-0.2774985,-0.15577929,-0.2633371,-0.023392094,-0.39760038,0.03830927,-0.35515627,-0.24297866,-0.36877394,0.11424433,0.26048443,-0.3815279,0.091965586,-0.1701226,0.19128917,0.032268543,0.28339064,-0.113685064,-0.34820962,0.07413795,-0.22981061,-0.3500889,0.1226823,0.34554985,-0.24706042,0.32589176,0.21240008,0.00289244,-0.01889915,-0.038991008,-0.42986447,0.104530714,-0.16690496,0.09303514,-0.079913236,-0.040929407,-0.1161794,0.2662792,0.26144147,-0.089897394,0.13408089,-0.06405651,-0.449606,0.18710361,0.22155097,-0.15529074,-0.25571367,0.1714395,-0.12771396,0.3553013,-0.09193628,-0.11579322,0.26394466,0.48449036,0.004856112,-0.05422612,0.079154976,-0.16950734,-0.16519836,-0.43421823,0.2664302,-0.33914658,-0.09697539,0.33334962,0.079109065,0.081434205,-0.125621,0.6855688,-0.34329492,0.1535058,-0.20312652,0.066509016,0.09140815,-0.3887289,0.6645801,0.38144362,0.08228169,0.056261394,-0.2928681,0.44540367,-0.17824559,-0.1940359,-0.21057558,0.0754915,-0.0061845398,0.1282416,-0.44660676,0.049961478,-0.113972455,-0.344933,-0.05850409,-0.4149021,0.44161606,0.2150045,-0.4941569,0.07132719,0.026827827,0.06296216,0.13214207,-0.2670421,0.0818643,-0.20282532,0.27037328,-0.23665684,0.15013653,0.019151166,0.1883453,0.4652183,-0.51199824,-0.45554534,0.52515465,0.32321376,0.23704106,0.18703979,-0.26466414,0.5734079,0.16101368,0.15897483,0.14284348,0.013039462,0.13511619,0.27331913,-0.021862302,0.20279059,-0.07663344,0.041141354,-0.16336086,-0.17162965,-0.3004601,-0.49747384,0.0759194,0.16199693,-0.20422679,-0.1265885,-0.28513455,0.076153286,0.45810655,0.0088103935,-0.10116535,-0.3277064,-0.11012332,-0.28104857,-0.777163,0.14294684,0.1512213,-0.1071902,0.23769501,0.1767196,0.008790411,-0.69801986,-0.12072364,0.042380277,-0.16929956,0.47334695,-0.08556374,-0.09081987,0.41804147,-0.05790605,-0.1539711,0.10693221,-0.23748073,-0.20311956,0.25826457,-0.85126734,0.052754212,-0.22295576,-0.050234795,-0.22593857,-0.43733236,0.082825236,0.095381774,-0.3005351,0.10488406,0.44854575,-0.26180086,0.057301003,-0.21191563,0.06688355,0.054148156,-0.21637996,0.05612891,-0.4337957,-0.04488545,-0.25214818,0.36765888,0.2765201,0.019249283,0.23015818,-0.061294522,0.1449263,0.13145545,0.086193025,0.33588517,-0.06442256,-0.06589776,-0.36789012,-0.27687892,-0.22219294,0.20797446,0.2712587,0.06715275,-0.34566408,-0.3306172,-0.100063615,0.20033869,0.4174542,0.36344802,-0.27728435,-0.3407121,-0.061360735,0.28804678,-0.2132276,0.22529915,0.27385342,-0.30644113,0.15947977,0.13935345,-0.23510617,0.24813063,0.6259022,0.16116919,-0.141486,-0.13297853,-0.14559637,0.47491273,0.10238232,-0.20558922,0.04024179,-0.27863747,0.024059093,-0.06353454,-0.026732804,0.1871419,-0.28468272,-0.024211062,-0.102131665,-0.32333425,-0.36029154,0.1283495,-0.049011678,0.3803858,-0.4450072,0.23776262,0.38779718,-0.309759,0.34146225,-0.2596807,0.29272264,-0.0156035535,-0.21913044,-0.5546863,0.025136342,-0.1816234,0.02458653,0.10841164,0.16964473,-0.08005451,-0.0026523434,0.11232323,0.2919124,0.52110213,0.24786265,0.37591365,-0.047441036,0.12383125,0.2755461,-0.18205233,0.18122582,-0.23069488,0.39556298,-0.3173765,-0.2606349,-0.28475764,0.16795643,0.3446335,-0.09438952,0.1370792,-0.23331979,0.13913828,-0.3920103,-0.0058480063,-0.02813188,0.23410267,-0.18517709,0.6279565,-0.3775698,-0.27286842,0.2546621,-0.02252071,-0.03383597,-0.24781682,0.35821587,-0.060876288,-0.17247756,0.10376113,0.34856892,0.15678194,0.08433638,-0.085988775,0.09570208,0.026067035,0.4530566,0.0062097292,-0.27079546,0.081394374,-0.052194636,0.06592704,0.065246776,0.25279334,-0.15421985,-0.12971987,0.16232382,0.5441041,0.10830889,0.4110907,-0.14756435,-0.13469665,0.4503723,0.14299212,-0.101298735,-0.09500347,-0.15547013,-0.71162134,0.18474631,-0.14091942,-0.16660534,0.15359132
27,0.114108145,0.3414235,0.22239289,-0.18254088,-0.19613458,-0.058592077,0.5316126,-0.053030062,-0.008639429,-0.12399718,0.115744725,0.19518602,-0.19149874,0.01648154,0.051023133,-0.13234712,0.0066907895,-0.13108617,0.10328729,-0.2913159,0.2156882,-0.1166709,-0.24328831,-0.11672137,0.47949576,-0.18693654,-0.23897976,0.14620209,-0.6467993,0.25315216,0.02134139,0.0121715125,0.12547056,0.41230792,0.16198055,-0.18621953,-0.4175122,0.3709455,-0.3372882,0.11302936,0.0033941146,0.24805427,-0.60734236,0.1142501,0.24566023,-0.03866171,0.12646125,0.21620743,0.5915104,0.23667029,-0.21958506,0.069297425,0.108019754,-0.1453471,0.028931554,0.29343072,0.49973336,0.49121958,0.3064648,-0.12733832,0.031138647,-0.062113665,0.41567105,-0.079104125,-0.41779023,0.21439432,0.15115847,0.31786072,-0.13292798,0.17143755,0.3833526,0.43350062,-0.070725136,0.31339124,0.382417,0.33914453,0.3466237,0.48172238,-0.0126351295,0.0678618,0.40003553,0.12978856,-0.522204,0.23471771,0.3177658,-0.5167544,0.15616375,0.19961208,0.12911443,-0.34393135,-0.015511487,0.52606803,-0.10001512,0.44810838,0.10188908,-0.06613088,-0.11224748,-0.044032145,0.19921519,0.111855276,0.34296894,0.5267786,-0.8844086,0.4581506,-0.085151516,0.1431721,0.1832935,-0.6301248,0.7628227,-0.35362694,-0.31110236,0.23089218,0.3475022,-0.36507758,-0.29424408,-0.20352507,0.15184666,0.068203874,0.031500205,0.34122434,0.0028549796,-0.22113049,-0.15975752,0.16036282,0.12481395,0.7216771,-0.27780133,0.23780736,0.15127537,0.1257512,0.22984286,0.19061723,-0.22881606,-0.5539307,-0.17285325,0.26627648,0.1424089,0.49451986,-1.0825794,-0.47697762,0.04791559,0.088614166,0.101767145,0.18576495,-0.27900296,0.24583451,0.10907455,-0.35314935,-0.28177002,-0.12972625,-0.08683116,-0.358204,-0.064760536,0.122922994,-0.06873193,-0.25213817,0.26341942,-0.21188864,0.07286169,0.41061604,0.15273727,-0.052871425,0.0011863243,-0.12408324,0.34931192,0.6540272,-0.0056642704,-0.18413022,0.21775094,0.2638066,0.31413797,-0.26703405,-0.18284243,-0.39258033,0.4961814,-0.42586532,-0.1039874,-0.013689941,-0.09926845,-0.24855976,0.47085944,-0.13223441,-0.3040367,-0.4468158,0.1480645,0.9043071,0.29522613,0.18620037,-1.1280742,0.11938354,0.06978551,0.43563345,0.20850988,-0.14794548,-0.6405302,0.305123,0.11449647,-0.071037106,-0.06249266,-0.3205635,0.017996402,-0.30734807,-0.12900782,-0.28600585,0.31503052,-0.22014241,0.25567138,0.16139185,0.625378,0.42842585,-0.086049356,0.26048216,-0.14065376,0.21172297,-0.2136789,0.8970815,-0.36865813,-0.6560762,0.55999726,0.12109638,-0.42063025,0.08295791,-0.34581497,0.015870694,-0.3385746,0.47963136,-0.31514466,0.2426795,-0.34022102,0.5779805,-0.17080113,0.19266735,0.11399598,0.0061488375,-0.16318953,0.08700233,-0.16952094,0.17727645,0.15701258,0.023326078,-0.4940132,-0.41882354,-0.17229779,-0.33701086,0.09158225,0.05115829,0.20006436,-0.3257199,0.41368502,0.10608362,0.07347242,-0.012917701,-0.21394122,-0.115476996,0.027133549,-0.33592388,-0.390887,0.47067,-0.45961854,-0.3388882,-0.11192416,0.09816554,-0.03777601,0.106121644,-0.029399171,0.525724,-0.44177264,0.20187813,-0.24605529,-0.27890605,-0.05899223,0.14427662,0.12500381,-0.006421292,-0.28176558,-0.039664768,-0.061116133,-0.23426199,-0.66685444,-0.3538933,-0.04777478,0.1965911,0.28138718,-0.0542979,0.28055403,-0.5254598,-0.11130164,0.17265959,0.0064566922,0.09022403,-0.08433939,0.2624967,-0.2726868,0.23215523,-0.019967096,0.28178722,0.11112641,-0.70433086,-0.029422171,0.37554988,0.14281325,0.40509647,-0.36618328,-0.31199628,0.6676351,0.024646265,0.27950877,0.14019035,0.44708577,0.124447,-0.08228987,0.20259605,0.28867036,0.0061045,0.21581073,-0.014505863,0.25313696,0.092797995,-0.11272896,0.21745095,-0.11188437,-0.15854917,0.31397182,-0.041728385,0.055120848,-0.073396236,0.112290904,-0.23172612,-0.32935476,0.4635421,0.13962495,-0.11912042,0.29430345,-0.18394308,-0.17143467,0.17119332,0.0534345,-0.069312125,-0.2600387,-0.010667134,0.04689993,-0.54333633,0.18703094,-0.26083684,0.21618083,-0.084761195,0.003131959,0.4826,-0.21465425,-0.28303832,-0.10115024,0.47000122,0.35365745,0.05575824,0.11370011,0.13575587,-0.03495202,-0.31585804,-0.21738005,0.20908614,0.48588383,-0.46070474,0.24459301,-0.21528544,0.09867122,0.25309488,0.14536405,0.12472521,0.0234212,0.24476144,0.035995554,0.01992959,-0.06068804,0.15990847,0.6218937,-0.34647644,-0.46542966,-0.87086225,-0.22011687,0.081558645,-0.056312542,0.19395329,-0.27156812,0.78029436,0.08704775,0.22276232,-0.14518039,0.507263,0.0016309184,0.2381009,-0.014626657,-0.37417206,-0.07094114,0.24844866,0.33116385,-0.04899374,0.094068974,0.16752316,-0.31022033,0.06352535,-0.22566928,-0.4899163,0.061444875,-0.7216585,0.5348174,-0.4478445,-0.06127026,-0.13787882,0.34730774,-0.20429984,-0.2678443,0.2879151,0.19911505,0.66768295,-0.17101565,-0.44549757,-0.6477107,0.3301147,0.057314318,0.07393156,-0.24460879,-0.29506811,0.10563523,-0.6884438,0.1583849,0.1754546,-0.080592625,0.033337407,0.13974723,0.2793766,0.8063661,0.056913387,0.41911417,-0.27523473,0.15169227,-0.27618593,0.2068394,-0.20421547,-0.09621705,0.06886773,0.46851397,0.049129605,-0.34432074,0.31871536,0.71589863,0.17617415,-0.1981596,0.31903654,-0.0012918488,0.14486581,-0.10962747,0.10692808,0.0680565,0.27267876,-0.049187187,0.060821112,-0.26595524,-0.09752972,0.25292563,0.06378043,-0.02327271,-0.1833296,-0.5256467,0.11367208,-0.4919239,-0.021973336,-0.16783713,0.099130265,-0.196538,0.1057997,0.02410571,0.3674999,-0.18674783,-0.39462835,0.075138226,-0.07775858,-0.19873717,-0.025012936,-0.1007131,0.50762504,-0.30176398,0.32744202,0.2950598,-0.1046405,-0.26152092,0.38317376,0.127486,0.037578605,0.42064255,0.17537494,-0.4768165,-0.109826304,-0.40105954,0.23004916,-0.40163696,-0.09514793,-0.06471368,-0.1179107,-0.14746918,-0.3140597,0.67868537,0.4121336,0.06393863,-0.56519043,0.49829173,0.22128458,0.22442342,0.065674126,0.1965221,0.17718261,0.08708785,0.21050227,-0.20418172,-0.39592475,0.021197094,0.11012247,0.55331284,0.25490308,-0.348567,0.030717228,-0.54120475,-0.32121983,0.373768,-0.2331457,0.14214294,0.26637733,0.2675646,-0.26461086,0.42980787,-0.037765004,-0.29885527,0.18203345,-0.8300658,-0.12650788,-0.28733563,-0.33540642,-0.07031582,0.04902578,0.018042224,-0.042063735,0.21631171,-0.27326965,0.16879655,0.63151103,0.2183173,-0.51233864,-0.034798566,0.35628715,0.27024025,-0.38865423,-0.070380315,0.13696732,-0.64523995,-1.0893469,-0.086329214,0.17355244,-0.0060586883,-0.2846337,0.35205275,-0.036276102,-0.31231084,-0.13691701,-0.17937599,-0.113694586,-0.072411425,0.21707363,0.3090479,-0.07253798,-0.052748337,-0.7255531,-0.23575805,0.46319944,0.20768248,-0.34412053,-0.69832927,0.11681282,-0.18838635,0.34863517,0.34985185,0.03371585,0.42572185,-0.172891,0.11944609,-0.4759126,-0.0012992368,0.10793011,0.5488111,-0.4494835,-0.24133839,1.0186442,-0.03468034,-0.8402151,-0.05926315,-0.24583444,0.21042517,-0.03679283,-0.1437441,-0.4176624,0.35988635,0.294231,0.04937596,0.24459395,0.28733382,0.30699274,0.62403625,-0.020782629,0.47230506,-0.37215927,0.14608844,-0.1240386,-0.0050758044,0.23105785,-0.4185272,0.3593585,0.21835001,-0.33104762,0.117714375,-0.087864004,-0.09017031,0.34418,0.3287951,-0.12950131,-0.7078299,0.039234485,0.19237089,0.028175684,0.2341931,-0.5302446,0.33678102,0.0017868422,-0.31242517,-0.24529569,0.0918583,0.21485524,-0.106681585,-0.2979468,-0.10115511,-0.017453138,-0.13570471,-0.22862025,-0.59212786,-0.4562616,-0.22698177,0.14438118,-0.30032966,0.06687919,0.63909286,-0.23441713,-1.0582513,0.1595582,-0.76478654,0.3484996,0.26397014,0.022023123,-0.19004978,0.36378106,0.36923748,0.05234909,-0.3302885,-0.11725309,-0.29367492,0.11774912,-0.25397542,0.050442543,0.48332232,0.15706924,-0.0696284,-0.15846819,0.14073433,-0.2886839,-0.5909192,0.0039956956,-0.21825981,-0.3193379,0.14081126,-0.6216678,0.1104798,0.07402266,0.052053824,-0.27250323,0.39744842,-0.28575775,-0.33083797,-0.265539,0.4066475,-0.316324,-0.033956286,-0.30145893,-0.2572193,-0.34506667,-0.43962184,-0.32641855,0.21980602,0.07953851,0.14094998,0.060322326,0.12989254,-0.19598,-0.18660603,-0.2555665,0.15379179,-0.50362873,-1.5530806e-05,-0.38635463,-0.3881292,-0.23417921,0.16456093,0.42810562,-0.40265006,0.05277869,-0.26390955,0.35084477,-0.010378824,0.31150037,-0.030677091,-0.50421715,0.3123291,-0.2783325,-0.37552583,0.10668928,0.29648522,-0.35068858,0.19553614,0.30430666,0.12789717,0.06398262,-0.18392397,-0.5539745,0.05817929,-0.25739166,0.047330976,-0.058033496,0.05451904,-0.19058822,0.4002549,0.33207864,-0.14135504,0.2231986,-0.088026546,-0.5857955,0.22116905,0.31097332,-0.19339609,-0.27755693,0.22258666,-0.1431002,0.51363367,-0.031437285,-0.039660588,0.11321028,0.5956285,-0.023719668,-0.17165685,0.022208817,-0.032842323,-0.27615818,-0.3670433,0.24266079,-0.2292648,-0.22693045,0.5720574,0.08483768,0.13534136,-0.09319318,0.7674427,-0.41868755,0.087171346,-0.088057436,0.05539606,0.06516231,-0.49031642,0.8671051,0.39945328,-0.10102902,0.0766824,-0.36187875,0.47306278,-0.27875745,-0.14341383,-0.25615433,0.031574994,-0.139642,0.2197488,-0.50850433,0.024436267,-0.1384344,-0.49602953,-0.1521423,-0.41689774,0.54839414,0.18121926,-0.3980214,0.047227994,-0.0019112333,0.07407577,0.20070176,-0.33958328,0.10138485,-0.24667196,0.17086188,-0.30200762,0.12815796,0.0608927,0.22815649,0.58918244,-0.5562509,-0.5450908,0.7374231,0.3800798,0.38721058,0.23411816,-0.14446631,0.5765087,0.21561246,0.054595828,0.1672388,-0.036047023,0.1736696,0.355213,-0.082704686,0.3128902,-0.2084845,0.07185963,-0.027739767,-0.11694342,-0.3762107,-0.4796587,-0.0018671817,0.21127631,-0.2468479,-0.14432253,-0.22904584,0.115879,0.6735108,-0.10197832,-0.0025366829,-0.38390967,-0.18411385,-0.16534275,-0.87187105,0.06429945,0.14476097,0.037646055,0.1312124,0.21581902,-0.04368103,-0.6721091,-0.10825436,-0.083172224,-0.09661455,0.47013363,0.0054682163,-0.038552515,0.50930303,-0.32725796,-0.12254631,0.02121543,-0.21722081,-0.13957267,0.41949406,-0.87468207,0.027122226,-0.2779325,0.027153254,-0.28575042,-0.41873223,-0.11188057,0.06491874,-0.20041691,0.12324867,0.423124,-0.2912046,0.15200782,-0.3005725,0.10866556,0.16999845,-0.35164988,0.19239709,-0.5166617,-0.10710592,-0.2829481,0.38334385,0.4029063,0.23312226,0.21776083,-0.16373134,0.17371015,0.20562747,0.21049777,0.30485576,-0.15245032,0.037274998,-0.39157996,-0.15946029,-0.29511917,0.2144715,0.27053484,0.132117,-0.3104322,-0.35683078,-0.09732113,0.3083877,0.53035545,0.5805985,-0.47749782,-0.4885247,-0.18412074,0.42589125,-0.36231902,0.23925148,0.312985,-0.19624993,0.097419895,0.2012634,-0.29539993,0.28414986,0.67718214,0.27363753,-0.24873045,-0.109324165,-0.05269546,0.48647124,0.21517181,-0.2772179,-0.036226757,-0.2772537,0.04402405,0.02316519,-0.047877528,0.12553826,-0.37050733,0.0013088863,0.016394554,-0.4387566,-0.39334527,0.15633087,-0.010813315,0.5487886,-0.5332164,0.2532971,0.46725675,-0.44132435,0.44027233,-0.18556061,0.39692506,0.089070335,-0.26340517,-0.6209406,0.10194613,-0.20936054,0.08797395,0.09017917,0.25205746,0.051410954,-0.005937435,0.20773658,0.36016825,0.60129994,0.17678182,0.4726634,-0.008543866,0.090954535,0.2880166,-0.18230577,0.23601364,-0.25233442,0.57557434,-0.29531547,-0.31540504,-0.41127706,0.15543805,0.60971516,0.0069791307,0.15544131,-0.18259141,0.13972464,-0.4177602,-0.23096637,-0.16256747,0.34437355,-0.15069687,0.700566,-0.4424352,-0.20908764,0.29204363,0.114377856,-0.06556641,-0.3170798,0.3739353,-0.100314364,-0.19954048,0.16290073,0.42761123,0.23139852,0.11060631,-0.2600008,0.096573874,0.13993585,0.54732454,-0.03544613,-0.2570394,0.12598082,-0.025174152,-0.057518378,0.22614846,0.40244067,-0.053721707,-0.21517995,0.1840583,0.5012865,0.18367603,0.44272763,-0.1394136,-0.047533017,0.5032663,0.042056866,-0.1150106,-0.07246149,-0.106076166,-0.75094646,0.13523898,-0.023516342,-0.162115,0.07584568
28,0.077909164,0.40214157,0.25531286,-0.07520325,-0.078167796,0.013039169,0.34294355,-0.11523203,-0.10311027,-0.06271773,0.058665756,0.12936334,-0.100518346,0.075889476,0.09893754,-0.14826316,-0.14511493,-0.1519903,-0.05840409,-0.2487362,0.1079733,-0.023172967,-0.043435436,-0.0386082,0.46421868,-0.20184399,-0.128498,0.07476589,-0.52200866,0.1377753,-0.055212196,-0.035296652,0.15525818,0.21784641,0.17279215,-0.19386135,-0.5018885,0.3715799,-0.4155456,-0.010472598,0.013323528,0.24138726,-0.6097405,0.33915898,0.33273667,-0.10064266,0.048348628,0.2742853,0.45403826,0.23806475,-0.23351637,-0.0065562134,0.0632694,-0.16101386,0.034133,0.30324218,0.37946972,0.58618444,0.2894749,-0.15786883,0.015751392,-0.13253887,0.33871168,-0.107173964,-0.29056782,0.23083776,0.20442043,0.3260979,-0.10474282,0.1052211,0.40083072,0.4623208,-0.04567917,0.20884998,0.28629878,0.32769504,0.27286312,0.5577923,-0.0005709519,0.0260786,0.3039593,0.13455369,-0.4222208,0.14041561,0.26858005,-0.3232837,0.1153255,0.0892464,0.12936148,-0.29717752,0.045677185,0.5356446,0.010668679,0.4384952,0.13713542,-0.098301366,0.023260498,-0.015949132,0.23455311,0.14046153,0.34816894,0.4958429,-0.7219637,0.45525327,-0.06395469,0.24394682,0.27189064,-0.617656,0.6889151,-0.3259972,-0.4551796,0.29799658,0.307498,-0.31948483,-0.2637425,-0.14372197,0.14006086,0.111203015,0.18229242,0.23555337,-0.014705887,-0.1460471,-0.2201055,0.03346369,0.03271616,0.6264012,-0.29574454,0.29405487,0.26248014,0.2644177,0.13029182,0.0844621,-0.13898201,-0.46246684,-0.22197199,0.24739851,0.16173488,0.3891847,-0.93168205,-0.40983847,-0.0270119,0.021901453,0.08530467,0.12963225,-0.23717348,0.1956076,0.07316994,-0.1887898,-0.24652441,-0.07453514,-0.14931338,-0.2318767,-0.18589702,0.07042417,-0.15002847,-0.23371,0.2672401,-0.21139109,0.2070873,0.35525367,0.251712,-0.05593173,0.20180514,-0.32629666,0.39244008,0.51855356,0.03518296,-0.076811,0.22240654,0.1805242,0.15847985,-0.19774596,-0.13406646,-0.38731813,0.4836856,-0.47716314,-0.062408805,-0.013729788,-0.045281526,-0.124079876,0.41732606,-0.10951979,-0.059165124,-0.44047925,0.055024453,0.76889163,0.27234265,0.25136337,-1.1151704,0.04287999,0.06266631,0.35900393,0.27905402,-0.20223668,-0.6213563,0.25189275,0.076335944,-0.036148414,-0.12763649,-0.34816733,-0.019933416,-0.29923555,-0.19046476,-0.31157416,0.25223202,-0.2571686,0.3213271,0.16449793,0.56276125,0.33609188,-0.09801065,0.1540895,-0.11747432,0.22543563,-0.20918338,0.8701736,-0.22662467,-0.6496103,0.36458784,0.06453228,-0.50571066,0.08614327,-0.37937045,0.016391378,-0.19957514,0.45352408,-0.3966406,0.22697337,-0.2600078,0.38884637,-0.10259232,0.19792387,0.07786814,0.026175607,-0.12796524,0.11836225,0.0041348874,0.1276482,0.12470242,0.13486888,-0.39099914,-0.38386965,-0.1809831,-0.2939556,0.18109179,0.011347296,0.21494539,-0.33542195,0.29994598,0.116953075,0.20810474,0.058962356,-0.20391971,0.07468994,0.0037494285,-0.34066615,-0.33735782,0.50413257,-0.3995834,-0.3599944,-0.09663833,0.06286026,-0.08448559,0.09849163,-0.08175432,0.3684968,-0.41294596,0.18235347,-0.20661522,-0.20619297,0.03142036,0.13692553,0.080457024,-0.03262613,-0.41965058,-0.047888253,-0.052271113,-0.3413015,-0.5685996,-0.38651142,-0.06377916,0.12898141,0.32029885,0.008618433,0.23072836,-0.4669441,-0.067471266,0.16700794,0.042954378,0.09081035,-0.1140259,0.255129,-0.25897887,0.16646357,-0.015518275,0.2324061,-0.05578696,-0.7223668,-0.103657305,0.3326375,0.025317462,0.28640717,-0.3493442,-0.27712068,0.6255869,0.07038734,0.20027177,0.12464382,0.2606593,0.171914,-0.11593956,0.2436151,0.27429855,-0.009744524,0.14379674,-0.01518954,0.22894256,0.063087426,-0.13470756,0.20792213,-0.035167325,-0.13169527,0.26133153,-0.12183471,0.049786694,-0.061922345,0.14736047,-0.14155148,-0.19573528,0.35181168,0.1473808,-0.032615658,0.20705569,-0.16707629,-0.11997937,0.114924215,0.05172985,-0.013903094,-0.22301579,-0.00041960363,0.102494106,-0.48039186,0.04526442,-0.21859272,0.12618345,-0.123450354,-0.06820839,0.52900183,-0.12767021,-0.3094211,-0.046914987,0.42187586,0.31666994,0.015541219,-0.06928725,0.102074094,-0.08363341,-0.18140768,-0.18549211,0.13164341,0.2610179,-0.44345185,0.3255198,-0.3351408,0.16481687,0.17847057,0.06724525,0.02716619,-0.11520433,0.17397955,-0.032085992,0.032076564,-0.054700505,-0.027931936,0.6003808,-0.29762572,-0.44842115,-0.68011725,-0.27067512,0.14903706,0.009429606,0.1826056,-0.27096206,0.6769783,0.1513452,0.21790291,-0.060122494,0.41594586,0.08892146,0.22373557,-0.00476951,-0.33509955,-0.11293695,0.2236551,0.33716422,-0.09115466,0.04370791,0.18367189,-0.2539798,0.14284079,-0.2888901,-0.3567936,0.05357452,-0.5654537,0.4359615,-0.37660202,-0.18610917,-0.034471527,0.13023698,-0.12522814,-0.29584673,0.28783774,0.20340325,0.50768876,-0.06790465,-0.35040033,-0.5904712,0.3929207,-0.0643253,0.13843867,-0.19043988,-0.2975711,0.17507945,-0.4444875,0.08250301,0.20776428,-0.061834216,-0.044968106,0.016765496,0.28729627,0.6527654,0.008165033,0.48028538,-0.24128899,0.0747964,-0.1228839,0.14420024,-0.29321185,0.077922106,0.096979566,0.45148233,0.029130172,-0.23452418,0.27147782,0.6325585,0.17447506,-0.21028784,0.33463848,-0.06080691,-0.01720792,-0.087991804,0.08876212,0.034187503,0.22937416,-0.041766446,0.08501322,-0.1750401,-0.102747515,0.26747277,0.12757352,-0.02966772,-0.08603913,-0.41981557,0.0876873,-0.34209406,-0.035340227,-0.16079731,0.14384286,-0.18885824,0.023264589,-0.044433016,0.33288762,-0.16972716,-0.3027482,0.09243165,-0.047823817,-0.2080972,-0.030252218,-0.020320501,0.43430677,-0.19177303,0.27448463,0.22370282,-0.074120164,-0.22946571,0.32002148,0.12261653,0.10320312,0.4406954,0.07885799,-0.45693624,-0.0024886872,-0.32514605,0.25902882,-0.39098784,-0.11585822,0.12881778,-0.11781634,0.057041124,-0.33931032,0.5992858,0.2776577,-0.0128682805,-0.495589,0.5341389,0.11039999,0.19634531,0.119340956,0.07312111,0.087375484,0.019142559,0.19357502,-0.06174456,-0.40069228,-0.079726435,0.08962121,0.46432838,0.20589946,-0.34477875,0.1269396,-0.3815267,-0.41646355,0.41350475,-0.15869115,0.24890198,0.19251539,0.2038129,-0.18234952,0.35476813,0.0031384076,-0.28297675,0.0109836785,-0.64252645,-0.1182376,-0.28701648,-0.29064512,-0.069864064,0.047921076,0.06652254,-0.16088864,0.2676601,-0.14941518,0.1540559,0.597084,0.263208,-0.411909,-0.07704652,0.2871816,0.20631151,-0.34610668,-0.08500548,0.16868219,-0.71343726,-0.9264394,-0.13376182,0.1856428,0.061933935,-0.21115474,0.27491575,0.011497643,-0.2135954,-0.019349253,-0.09938095,-0.16391858,-0.09717375,0.19089404,0.29061216,-0.03843251,-0.11570026,-0.43440083,-0.2018104,0.2514761,0.18936102,-0.3196399,-0.6977777,0.08120526,-0.24777292,0.28419036,0.3200089,0.064409226,0.42403263,-0.2764687,0.06348286,-0.43280703,0.018405491,0.13020448,0.42340258,-0.30846673,-0.18281198,0.93690324,-0.042847596,-0.8763695,0.009821044,-0.109964,0.22145748,0.004934807,-0.026136497,-0.3395399,0.19625953,0.37554812,0.23794854,0.36514062,0.22808994,0.2769218,0.50693434,0.0142237805,0.4285611,-0.27073586,0.11828653,0.055186115,-0.0879728,0.27247924,-0.33566463,0.21951975,0.1105356,-0.2639026,0.08962662,-0.06147769,-0.113721296,0.47774848,0.32831845,-0.136053,-0.69739026,-0.033616055,0.014773151,0.07742058,0.17667869,-0.47493845,0.3799526,-0.01144347,-0.21420638,-0.18771577,0.06738316,0.09980507,-0.028404323,-0.20806575,-0.14423025,-0.006997619,-0.13141096,-0.16569431,-0.57008725,-0.41601467,-0.16496678,0.17695536,0.0053826994,0.06625226,0.5812736,-0.3551003,-0.85211146,0.16079772,-0.6949987,0.28175226,0.29466438,0.01603868,-0.13153407,0.29023984,0.3429482,0.022067469,-0.08224621,-0.12154254,-0.38743573,0.0633893,-0.17798264,-0.06201357,0.4255065,0.122211635,-0.009821048,-0.21787205,0.18773423,-0.2575669,-0.4894515,0.11967412,-0.16615114,-0.21532916,0.13889663,-0.60748714,0.07271015,-0.015733492,0.060079467,-0.21836638,0.23165514,-0.17549086,-0.37282962,-0.32227835,0.40423825,-0.30464977,-0.054670118,-0.19909014,-0.222365,-0.13462985,-0.2987332,-0.26385996,0.2839788,0.14974715,0.1929429,0.018205138,0.20379648,-0.23865251,-0.14141501,-0.4272798,0.0066677122,-0.4712871,0.030607246,-0.33951208,-0.26625028,-0.29562306,0.106789105,0.28780246,-0.4754093,0.014089432,-0.24971214,0.30016622,0.12327857,0.30593932,-0.052771274,-0.4081557,0.10628607,-0.20620172,-0.41453278,0.026411843,0.38322148,-0.28712374,0.27029395,0.26292914,0.030777084,0.08234216,-0.16216134,-0.4323996,0.13139084,-0.22289564,0.10484861,-0.11700097,0.027520092,-0.090137534,0.32209963,0.22087206,-0.07349238,0.16764456,-0.08198073,-0.4436288,0.17508255,0.26299477,-0.19029254,-0.21621501,0.11718821,-0.059330158,0.4135596,-0.06129795,-0.15946408,0.22556521,0.47887838,-0.017746404,-0.059961483,0.15684526,-0.13845506,-0.19208142,-0.4052176,0.24678414,-0.33961913,-0.12161171,0.3808177,0.022393977,0.20182537,-0.08462984,0.656238,-0.33064368,0.18991645,-0.12065587,0.042781264,0.07074093,-0.38035768,0.68870634,0.40664372,-0.030020988,0.015499212,-0.3459591,0.4860713,-0.17006353,-0.15733099,-0.16547039,0.064584315,-0.09779653,0.232112,-0.41300118,0.0102494,-0.13342765,-0.42290542,-0.08347834,-0.35283577,0.47522032,0.24210879,-0.43538558,-0.021082094,0.0653216,-0.022695433,0.14482221,-0.30651683,0.08424263,-0.19612092,0.20175456,-0.14349961,0.1366927,0.042560786,0.26975214,0.5117357,-0.4443761,-0.45650107,0.6178452,0.29276326,0.28963923,0.14534672,-0.31807005,0.44989833,0.16292594,0.19688089,0.15054704,0.060726628,0.11498198,0.3038963,-0.01813529,0.24121802,-0.107946664,0.09942388,-0.17984195,-0.16109715,-0.28141394,-0.4856715,0.034174033,0.1128621,-0.21376494,-0.13436864,-0.1646967,0.14282359,0.5807515,0.028193286,-0.056510568,-0.35100147,-0.1927785,-0.27392358,-0.71695805,0.18743339,0.23098077,-0.08788383,0.24017213,0.16849314,0.08368185,-0.59338427,-0.032528866,-0.070625015,-0.09346286,0.43929106,0.0016619603,-0.065434635,0.39091042,-0.13988228,-0.17360736,0.05421737,-0.13463221,-0.19090548,0.3231676,-0.8444307,0.013372052,-0.29820845,-0.05834197,-0.16692786,-0.4133851,-0.00091852376,0.11228976,-0.2427012,0.049722802,0.4277602,-0.34223416,-0.07952911,-0.18453537,0.065401345,0.062159996,-0.342226,0.07726107,-0.38249135,-0.020018466,-0.27669883,0.32901326,0.25882557,0.14899252,0.19841179,-0.047226507,0.10149825,0.13579063,0.05411884,0.2944907,-0.120103024,-0.009721221,-0.33142143,-0.32867196,-0.25823623,0.21598774,0.31094664,0.08905634,-0.21733485,-0.31554696,-0.09034686,0.17838663,0.45641342,0.47603217,-0.35519302,-0.4311947,-0.0650938,0.34544557,-0.25939518,0.1904356,0.26821554,-0.38425744,0.22110873,0.20509817,-0.34583232,0.27824455,0.63743234,0.1640947,-0.1323788,-0.13458127,-0.15737058,0.48295033,0.1083914,-0.2114704,0.034254815,-0.31142944,-0.016042912,-0.09276117,0.0026832717,0.15852243,-0.2856015,-0.020328602,-0.10833176,-0.30747256,-0.35003355,0.13592488,-0.039693244,0.33098713,-0.48435706,0.22914179,0.39551178,-0.38082677,0.34200725,-0.23376139,0.30902144,0.06682061,-0.23334166,-0.57983136,-0.007454255,-0.21174936,0.016555598,0.20338032,0.12346035,-0.036030736,0.06498064,0.1293606,0.29622674,0.5219999,0.30130783,0.42490217,-0.03800006,0.04546036,0.2914564,-0.12372095,0.16904084,-0.2366274,0.44151357,-0.2308406,-0.27314347,-0.29525214,0.118090205,0.44115764,-0.0734802,0.15798527,-0.23991244,0.10189643,-0.5172116,-0.068161495,-0.021449143,0.22905456,-0.0814291,0.6368825,-0.38600186,-0.28179696,0.304811,0.097990245,-0.06758585,-0.24878839,0.44777244,-0.0011921219,-0.25569203,0.09734036,0.3461409,0.17866519,-0.021902284,-0.11513116,0.11798029,0.1336707,0.45411718,0.040642917,-0.26302275,0.118643686,-0.02956906,-0.022265185,0.14329754,0.30885667,-0.14205714,-0.12315351,0.06383176,0.5552848,0.08723319,0.3867603,-0.13254835,-0.06552641,0.40811208,0.066484824,-0.10499985,-0.105077624,-0.19855574,-0.66616035,0.21796444,-0.09046744,-0.19166234,0.058636885
29,0.16945061,0.39369366,0.158978,-0.095206685,-0.0072016004,0.018362604,0.27235737,-0.056589868,-0.06889503,-0.036565065,-0.054435935,0.11418661,-0.040391423,0.11423954,0.08490608,-0.16102305,-0.08208936,-0.029079262,0.007504747,-0.14382674,0.18625169,-0.043387778,-0.10619827,0.020818727,0.34795716,-0.19972907,-0.27062622,0.1060104,-0.4630636,0.18967415,-0.060350824,-0.01667426,0.109031625,0.13976854,0.08476731,-0.22438261,-0.40837663,0.38298216,-0.35611498,0.045998544,-0.027566353,0.27783465,-0.40010127,0.32731435,0.25786704,-0.12701052,0.03940457,0.17106393,0.39966866,0.25934458,-0.19392478,0.038503535,0.13685445,-0.16715094,0.08017027,0.24536273,0.28776458,0.54591775,0.3177115,-0.14738858,-0.03268326,-0.14528196,0.30408153,0.001919294,-0.259849,0.24611418,0.31389183,0.2309173,-0.14691007,0.10508166,0.33618328,0.39646164,-0.03705213,0.28640637,0.1998383,0.23836817,0.23433608,0.47026923,0.08793028,0.03727769,0.25237048,0.20094042,-0.4680147,0.13576916,0.27112323,-0.30479595,0.14824441,0.118762866,0.1360026,-0.13880695,0.039738394,0.3496597,-0.057039097,0.39308432,0.076909706,-0.079859205,0.13659845,-0.024133446,0.21447465,0.067291155,0.32304874,0.4598892,-0.6594147,0.30144617,-0.04217664,0.1435405,0.28806406,-0.6340063,0.5819552,-0.35965222,-0.4283747,0.28687823,0.37941584,-0.32021496,-0.17810528,-0.2832047,0.11569053,0.03934301,0.05132207,0.20144582,-0.011655721,-0.115112714,-0.13716698,-0.029963745,0.03346612,0.5347992,-0.28024092,0.2921051,0.21810138,0.17299826,0.09160165,0.12806283,-0.08891968,-0.5969908,-0.3588859,0.28868073,0.13127917,0.4026907,-0.8221554,-0.44327307,0.035915844,0.09690622,0.06667691,0.10946036,-0.19845048,0.18296197,0.06624112,-0.096277416,-0.28211802,0.0023704905,-0.19386025,-0.17731738,-0.16605937,0.024634603,-0.17371047,-0.30464685,0.24176873,-0.2010748,0.13596627,0.39036292,0.31591514,0.039617006,0.17150266,-0.19750048,0.34158817,0.48035774,0.018389007,0.03693931,0.22777678,0.19170122,0.2058728,-0.1869581,-0.057400804,-0.44554853,0.30928203,-0.42644966,-0.11009953,-0.03482384,0.09177443,-0.16726205,0.3345343,-0.014229048,-0.04580275,-0.42572063,0.06136333,0.7323308,0.30111843,0.20280273,-1.0122079,0.060494922,0.10109234,0.38631266,0.2429669,-0.16240837,-0.79043865,0.20223433,0.23149133,0.004831802,-0.19414587,-0.18327147,0.08649372,-0.19589674,-0.13328937,-0.24185333,0.23730464,-0.30951715,0.2601846,0.076860145,0.5503175,0.35763305,-0.09192159,0.10199142,-0.11233113,0.21065556,-0.09481435,0.88643044,-0.26939368,-0.53665286,0.29443613,0.03998106,-0.3876538,0.07719496,-0.2998081,0.022195622,-0.13235232,0.41625896,-0.29260385,0.20420223,-0.27145162,0.4116053,-0.07766779,0.13430136,0.13863917,0.053136826,-0.046251103,0.15474015,0.0265492,0.17941661,0.13258655,0.06933266,-0.2650379,-0.4083455,-0.2488425,-0.202506,0.16063441,-0.05015546,0.25004697,-0.3792873,0.3190652,0.044383276,0.18433766,0.02145422,-0.05080277,0.006679817,-0.034917105,-0.2799712,-0.2572758,0.4326078,-0.36745763,-0.3984094,-0.03162351,0.11425992,-0.051303674,0.1429578,-0.0064262445,0.41378543,-0.37810236,0.21078151,-0.22384149,-0.21292989,-0.070223056,0.22573791,0.020934263,-0.0057347,-0.3266693,-0.16224228,-0.023978699,-0.26613444,-0.4091181,-0.2647591,-0.10465502,0.016495682,0.33516365,0.040211026,0.18984374,-0.44516817,-0.121525176,0.24731466,0.0509477,0.14245218,-0.056458786,0.26684207,-0.21177521,0.09566089,-0.016789926,0.2737409,-0.0011880655,-0.57544607,-0.13760622,0.32253224,0.002802842,0.2628608,-0.3292585,-0.26786003,0.6363546,0.08499952,0.1081825,0.09746415,0.14802448,0.1048684,0.022986261,0.27151588,0.22968511,-0.03475452,0.17362225,-0.0027175904,0.21332763,0.029208114,-0.013912924,0.22591758,0.019136196,-0.19499105,0.197259,-0.11581093,-0.013688659,-0.019774675,0.10188198,-0.16690798,-0.17805977,0.33724385,0.12954897,-0.04641625,0.08448908,-0.14495493,-0.17794362,0.10767795,0.042822193,-0.025664123,-0.19006135,-0.015590575,0.17393188,-0.6175063,0.042078055,-0.26683557,0.1198467,-0.06624277,-0.006489044,0.47374618,-0.09806127,-0.28685227,-0.07058528,0.3486882,0.2902842,-0.018395254,-0.029443644,0.070879914,-0.096516,-0.17618015,-0.25188157,0.015659943,0.2520159,-0.44863126,0.19371423,-0.2995446,-0.0032160555,0.23291744,-0.006530641,0.07420339,-0.04113373,0.2399807,-0.09431399,0.07278611,-0.0801528,-0.01693789,0.5177555,-0.27468225,-0.43779114,-0.6774911,-0.19542578,0.09977316,-0.0033642047,0.1264324,-0.33758646,0.7289096,0.17956854,0.19862905,-0.028008865,0.35563713,0.08184993,0.26427394,0.045517094,-0.32293165,-0.10565132,0.27370757,0.23982129,-0.048040465,0.07764526,0.20849988,-0.19927281,0.034386344,-0.20151459,-0.23030286,0.019035459,-0.4516886,0.34022897,-0.40462446,-0.18155938,-0.01685222,0.16875008,-0.09597801,-0.27632675,0.19942814,0.18756166,0.48271725,-0.052983154,-0.35826927,-0.61844003,0.3658779,-0.07585818,0.10288903,-0.14671083,-0.2957397,0.15359864,-0.42376962,0.10244308,0.2450291,-0.024417188,-0.098590665,-0.0014208738,0.3036752,0.6399244,0.070269674,0.53962445,-0.18946232,0.012864347,-0.16912091,0.079091415,-0.25899798,0.10477877,0.20188287,0.38404277,0.06625932,-0.2441107,0.21093367,0.544307,0.073267244,-0.20551549,0.33421043,-0.00823814,0.003533414,-0.032367595,0.1148655,0.067757316,0.2584888,-0.0627863,0.040617313,-0.13582803,-0.030406678,0.34672445,0.17701176,0.023854144,-0.10585896,-0.38142994,0.14545336,-0.29894444,0.025172139,-0.15668191,0.103629485,-0.17632578,0.056684703,-0.028684247,0.2807306,-0.16201706,-0.3176206,0.0918409,0.03740291,-0.09330329,0.0068095983,0.0096857855,0.34326708,-0.22511363,0.26237896,0.22068952,-0.15666273,-0.29504058,0.38573998,0.10365739,0.030090014,0.3876209,0.13573049,-0.40311506,0.10228503,-0.28761032,0.15359963,-0.365045,-0.22106624,0.21240507,-0.22943117,0.03978982,-0.2712133,0.53739464,0.17142093,0.018513659,-0.47674096,0.55596495,0.15431577,0.24364437,0.032310586,0.04496594,0.047366284,0.037464764,0.1606223,-0.15014778,-0.36293456,-0.05172359,0.14503038,0.44853312,0.19114316,-0.3472692,0.19963324,-0.333426,-0.38357645,0.41712493,-0.14339234,0.18120292,0.20954554,0.14177628,-0.16297081,0.34062496,0.0008160117,-0.2828302,-0.06741042,-0.6983444,-0.16979879,-0.22551969,-0.2846916,-0.018511742,0.0932797,0.046888437,-0.15804584,0.37394717,-0.16865133,0.1117835,0.54854697,0.15180962,-0.3598657,-0.14266911,0.27141908,0.20725423,-0.3596334,0.024895947,0.28843313,-0.6103971,-0.8419336,-0.08038176,0.13195,0.08662603,-0.2657485,0.17781626,-0.053688858,-0.2752108,-0.10142,-0.0015538591,-0.09581543,-0.047100727,0.14633635,0.26865256,-0.05370193,-0.18125828,-0.46063262,-0.24525444,0.13944377,0.08644939,-0.18077399,-0.64742035,-0.045075107,-0.16454375,0.23375534,0.32396805,0.027451444,0.46712992,-0.30895263,0.12250488,-0.4879115,0.06647784,0.13590127,0.35838372,-0.31156492,-0.28315437,0.74773854,0.03967534,-0.9639401,0.040738832,-0.08652284,0.22609672,-0.039011214,-0.018573197,-0.28910652,0.1957146,0.37495622,0.16592863,0.32469758,0.2288913,0.2514191,0.5131307,0.16569434,0.441842,-0.175418,0.10595079,0.1890892,-0.1074449,0.18592173,-0.22022237,0.16833481,0.25226545,-0.27604043,0.09555067,-0.02745947,-0.18559042,0.39731824,0.33554536,-0.007860675,-0.5969694,0.06323466,-0.01432779,-0.0101746125,0.14670418,-0.46159416,0.31254473,-0.10903488,-0.08994105,-0.18783471,0.10804041,0.14910932,0.032577325,-0.16181947,-0.17183767,-0.025231758,-0.07336122,-0.13293779,-0.61693704,-0.35828313,-0.1663891,0.18207683,0.026230237,0.086687595,0.551131,-0.2348373,-0.8401423,0.064467385,-0.6658175,0.20761552,0.41779402,0.006279338,-0.14118049,0.16116713,0.26812118,-0.015006907,0.065994576,-0.2040775,-0.36676738,0.013993454,-0.18461037,-0.042728953,0.4508865,0.05048869,-0.012132816,-0.17931287,0.14476621,-0.25060755,-0.4961295,0.07431512,-0.24500075,-0.1436726,0.08422606,-0.59974164,0.13457282,0.0015089551,0.093236886,-0.15048884,0.24903011,-0.12864433,-0.32268372,-0.3273782,0.32645813,-0.2585817,-0.099297434,-0.2097983,-0.14992884,-0.27127334,-0.2811998,-0.31179965,0.28190768,0.14570495,0.10275417,-0.0028368963,0.15503685,-0.2796269,-0.12668897,-0.29384533,-0.014880828,-0.35245806,0.06337132,-0.33330047,-0.23637722,-0.31664354,0.12948783,0.18319134,-0.3586373,0.08510704,-0.18047819,0.21356729,0.08797056,0.29274568,-0.020211266,-0.42882165,0.10926581,-0.20991795,-0.31758136,0.1406836,0.32029346,-0.20780015,0.30188933,0.190703,-0.04674279,0.037112612,-0.102443025,-0.39460084,0.14521223,-0.1111426,0.074832,-0.1030736,0.08144323,-0.031748008,0.30932418,0.19835496,-0.09224089,0.035028905,-0.088094555,-0.41832995,0.10006078,0.2443842,-0.1813348,-0.18139346,0.20730387,-0.074660026,0.3642244,-0.06167275,-0.14607935,0.20842789,0.47344774,0.043157108,-0.054372203,0.111961134,-0.070805535,-0.1633268,-0.43555966,0.25279295,-0.2894852,-0.054445136,0.25399435,0.0805379,0.09651082,-0.13148125,0.6863522,-0.28097185,0.13958372,-0.18371443,0.06965808,0.101188906,-0.2924757,0.54840136,0.43100268,0.12976152,0.041614,-0.28099498,0.45653605,-0.148741,-0.17829768,-0.18046898,0.055382833,-0.1169267,0.13769725,-0.447968,-0.070742466,-0.098676756,-0.3284957,-0.017802373,-0.30002,0.44634718,0.23369041,-0.47676006,0.05501084,0.060673404,0.020516053,0.12734833,-0.27589577,0.09892106,-0.18617544,0.25281382,-0.21405855,0.056516845,0.031796742,0.16307515,0.43130362,-0.39058325,-0.48340002,0.47164616,0.29020947,0.24490868,0.13821682,-0.26429155,0.47060347,0.2298237,0.17315997,0.07926425,-0.014635143,0.20656307,0.30675787,0.008360249,0.24238499,-0.035264883,0.09195035,-0.15310118,-0.15571766,-0.26904622,-0.3792582,0.06116551,0.1777615,-0.16391732,-0.1707018,-0.2464632,0.013943029,0.4601462,0.028791158,-0.065079935,-0.30520684,-0.087173805,-0.21751063,-0.75314194,0.14275923,0.12737249,-0.07059486,0.21978572,0.10867437,0.030913666,-0.6401524,-0.05114802,0.13052075,-0.14651878,0.39718238,-0.08648977,-0.071631804,0.3700828,-0.03737049,-0.18695635,0.10604595,-0.17022604,-0.19997334,0.20897387,-0.7643822,-0.0022951572,-0.2468636,-0.099435486,-0.16416511,-0.37568104,0.022637557,-0.037568916,-0.28493118,0.09028132,0.42719817,-0.2271812,0.031793967,-0.198726,0.077796906,0.13716592,-0.22618282,0.0139218345,-0.48419198,-0.04193956,-0.24960934,0.28640583,0.21245123,0.09560153,0.2617711,-0.06397357,0.09334469,0.13870035,0.12077382,0.25969985,-0.08501831,-0.061115403,-0.28348294,-0.33969736,-0.19662727,0.1858823,0.25129429,0.11691763,-0.3526501,-0.30311954,-0.08879007,0.18778256,0.33027488,0.33697307,-0.31286207,-0.3378659,-0.016637577,0.2819972,-0.15921731,0.16590074,0.226419,-0.31107345,0.17838582,0.13608187,-0.17500673,0.28906348,0.5923062,0.10356493,-0.13745476,-0.11580117,-0.13518347,0.41881767,0.16609454,-0.22966939,0.0160903,-0.25423124,-0.020893853,-0.060399074,-0.07824291,0.18838355,-0.24582003,-0.029038817,-0.1239289,-0.31302676,-0.30807206,0.100745626,0.0049308273,0.27731913,-0.4016436,0.22927064,0.35129374,-0.2654561,0.3172592,-0.22931407,0.17253765,0.04375842,-0.1782394,-0.5444206,-0.043984782,-0.15567602,0.02454865,0.13785307,0.14050952,-0.1356413,0.048994374,0.06795427,0.23472038,0.45185977,0.25190684,0.40977076,-0.07197642,0.027935723,0.24002458,-0.09420809,0.18248135,-0.22281052,0.37443873,-0.26313826,-0.26928264,-0.23917125,0.13188766,0.39928108,-0.008363109,0.062838964,-0.23733221,0.13491488,-0.41433972,-0.018845083,-0.03409471,0.24117357,-0.1372881,0.6098764,-0.31759164,-0.30655196,0.30478206,-0.041236684,-0.025162347,-0.19931565,0.34818286,-0.063156985,-0.17428114,0.05772845,0.2970007,0.18068899,0.0141600305,-0.11508337,0.07019217,0.094641015,0.438247,0.011674506,-0.26482293,0.09893674,-0.014793084,0.08137172,0.073862344,0.24045596,-0.16291735,-0.12572229,0.07215896,0.50112617,0.10789449,0.4021067,-0.18745974,-0.15937309,0.42722267,0.16511151,-0.12240665,-0.0902436,-0.27968583,-0.7164264,0.123064995,-0.10583494,-0.1860468,0.11350994
